step,system_total_stopped,system_total_waiting_time,system_mean_waiting_time,system_mean_speed,GS_cluster_357187_359543_stopped,GS_cluster_357187_359543_accumulated_waiting_time,GS_cluster_357187_359543_average_speed,agents_total_stopped,agents_total_accumulated_waiting_time
25200.0,0,0.0,0.0,0.0,0,0.0,1.0,0,0.0
25205.0,0,0.0,0.0,0.0,0,0.0,1.0,0,0.0
25210.0,0,0.0,0.0,5.444658578583039,0,0.0,0.5207633143900825,0,0.0
25215.0,0,0.0,0.0,9.831037972267406,0,0.0,0.3411858284837806,0,0.0
25220.0,0,0.0,0.0,8.597913058325446,0,0.0,0.1043467323023535,0,0.0
25225.0,1,0.0,0.0,10.048546888394041,1,0.0,0.5362578704927901,1,0.0
25230.0,1,2.0,0.3333333333333333,6.996399485925259,1,2.0,0.515210309726774,1,2.0
25235.0,0,0.0,0.0,7.383035561766554,0,3.0,0.5619550926090114,0,3.0
25240.0,1,3.0,0.375,10.270801807770333,1,3.0,0.7473381750130559,1,3.0
25245.0,1,8.0,0.8888888888888888,9.781717839222718,1,8.0,0.6120751934865306,1,8.0
25250.0,0,0.0,0.0,9.153599895198898,0,0.0,0.6432400542189217,0,0.0
25255.0,0,0.0,0.0,8.315901365111104,0,0.0,0.3783499429181597,0,0.0
25260.0,0,0.0,0.0,7.672708718180993,0,2.0,0.4157386598812246,0,2.0
25265.0,3,4.0,0.3333333333333333,8.04314794585004,3,4.0,0.30645197105456945,3,4.0
25270.0,1,2.0,0.2,4.931631201670984,1,4.0,0.23546197251321638,1,4.0
25275.0,1,7.0,0.5384615384615384,9.741640934308416,1,7.0,0.3994705780827545,1,7.0
25280.0,0,0.0,0.0,9.01923574416679,0,0.0,0.4198674210381166,0,0.0
25285.0,4,8.0,0.5333333333333333,6.542437359056191,3,8.0,0.43961264210637907,3,8.0
25290.0,2,0.0,0.0,7.756947467473153,2,2.0,0.5304506480397945,2,2.0
25295.0,2,0.0,0.0,10.366703656335682,2,0.0,0.6300290937876908,2,0.0
25300.0,1,1.0,0.05,11.079041565651417,1,1.0,0.6299275677255315,1,1.0
25305.0,4,9.0,0.45,8.547415627932995,4,9.0,0.5708948040582337,4,9.0
25310.0,2,1.0,0.041666666666666664,8.438304977489409,2,6.0,0.5184746214959998,2,6.0
25315.0,4,8.0,0.32,9.014633462766112,4,8.0,0.4971717769934556,4,8.0
25320.0,1,0.0,0.0,8.752648841152519,1,4.0,0.5001585751790345,1,4.0
25325.0,4,8.0,0.34782608695652173,8.996110678663532,3,8.0,0.5076267981522619,3,8.0
25330.0,2,2.0,0.09090909090909091,8.77902279797206,2,6.0,0.4496391227406716,2,6.0
25335.0,2,8.0,0.36363636363636365,9.982994165758925,2,8.0,0.5429877555284535,2,8.0
25340.0,2,3.0,0.13636363636363635,8.265720010850428,2,4.0,0.42669648464994286,2,4.0
25345.0,5,19.0,0.95,8.93544156911007,5,19.0,0.42022198118053145,5,19.0
25350.0,1,0.0,0.0,8.129737513997817,1,11.0,0.4467410279060941,1,11.0
25355.0,3,2.0,0.09090909090909091,9.976924579560992,2,0.0,0.6209621792175037,2,0.0
25360.0,2,0.0,0.0,9.322734235403958,2,0.0,0.5422821979823388,2,0.0
25365.0,3,6.0,0.2857142857142857,8.931289670783375,3,6.0,0.4869365062363423,3,6.0
25370.0,0,0.0,0.0,8.631667549833239,0,4.0,0.5748686782711233,0,4.0
25375.0,1,3.0,0.13636363636363635,10.52393508419333,0,0.0,0.7146993832337908,0,0.0
25380.0,1,0.0,0.0,10.545471613336096,1,0.0,0.6060379051109355,1,0.0
25385.0,3,7.0,0.3333333333333333,9.535150036915775,3,7.0,0.5721521448911917,3,7.0
25390.0,1,0.0,0.0,8.493685029110468,1,2.0,0.588570709741604,1,2.0
25395.0,3,4.0,0.16,8.953023506503577,3,4.0,0.5500150991897375,3,4.0
25400.0,4,2.0,0.07692307692307693,8.375312123738759,4,5.0,0.5329911324649454,4,5.0
25405.0,3,13.0,0.52,8.859755800181611,3,13.0,0.5388955252399533,3,13.0
25410.0,0,0.0,0.0,8.107267290978163,0,7.0,0.5598873153873175,0,7.0
25415.0,2,5.0,0.19230769230769232,9.10882352055177,1,5.0,0.6780859351936872,1,5.0
25420.0,0,0.0,0.0,9.016153745761137,0,0.0,0.5785508407031003,0,0.0
25425.0,4,12.0,0.4444444444444444,9.230048830161282,4,12.0,0.5458269938912541,4,12.0
25430.0,0,0.0,0.0,8.648562889096535,0,14.0,0.5717260180460123,0,14.0
25435.0,3,7.0,0.2692307692307692,9.11769558623961,2,7.0,0.665628847547538,2,7.0
25440.0,1,1.0,0.04,9.016810283573001,1,1.0,0.5994545408565252,1,1.0
25445.0,3,8.0,0.34782608695652173,8.973716647949026,3,11.0,0.569827061579212,3,11.0
25450.0,1,0.0,0.0,7.991233259652853,1,6.0,0.5982790371099227,1,6.0
25455.0,4,11.0,0.55,9.011718811621973,4,11.0,0.6255586449636753,4,11.0
25460.0,1,0.0,0.0,9.36903019964957,1,13.0,0.6634201937883584,1,13.0
25465.0,1,0.0,0.0,11.136719856046629,1,0.0,0.790084472931286,1,0.0
25470.0,3,0.0,0.0,9.959737651676612,1,0.0,0.7342533682266483,1,0.0
25475.0,1,2.0,0.09090909090909091,9.83518956809994,1,2.0,0.6847700768844868,1,2.0
25480.0,2,7.0,0.2916666666666667,9.389073196621306,2,7.0,0.5675190962179295,2,7.0
25485.0,1,0.0,0.0,9.907804486997064,1,0.0,0.6301595442284506,1,0.0
25490.0,3,8.0,0.2857142857142857,10.09196936664178,3,8.0,0.5541971521035092,3,8.0
25495.0,2,0.0,0.0,8.394722537953026,2,6.0,0.5332385925994255,2,6.0
25500.0,2,9.0,0.2903225806451613,9.006676191862358,2,9.0,0.5409325725169053,2,9.0
25505.0,1,2.0,0.058823529411764705,7.893041808427987,1,7.0,0.4694498157023293,1,7.0
25510.0,3,15.0,0.4166666666666667,8.580424968628273,3,15.0,0.48485828359829886,3,15.0
25515.0,5,7.0,0.175,8.201224102339541,4,19.0,0.4658687997628466,4,19.0
25520.0,8,26.0,0.65,8.405579633164923,7,28.0,0.4858313094506352,7,28.0
25525.0,0,0.0,0.0,8.937291411558228,0,15.0,0.5074229542203262,0,15.0
25530.0,3,11.0,0.2894736842105263,10.433773825837708,2,11.0,0.5948261883637678,2,11.0
25535.0,1,2.0,0.05714285714285714,9.645186061054721,1,13.0,0.5720319185212952,1,13.0
25540.0,1,5.0,0.14705882352941177,10.593458528229643,1,7.0,0.6293631513235285,1,7.0
25545.0,2,1.0,0.029411764705882353,10.575326882309774,2,5.0,0.5775899437207296,2,5.0
25550.0,4,16.0,0.48484848484848486,9.609526006063675,4,18.0,0.5031982115203495,4,18.0
25555.0,2,2.0,0.06896551724137931,9.209390733407401,2,21.0,0.5553479139425427,2,21.0
25560.0,3,8.0,0.2857142857142857,10.043680796653584,3,9.0,0.5936698413371329,3,9.0
25565.0,1,1.0,0.041666666666666664,9.011169427596123,1,8.0,0.5590590885462529,1,8.0
25570.0,4,13.0,0.52,8.923630720645262,3,14.0,0.6114492870131026,3,14.0
25575.0,2,0.0,0.0,8.680027334284707,1,15.0,0.614848963526165,1,15.0
25580.0,3,4.0,0.13793103448275862,9.453541632465077,0,1.0,0.6345032396298661,0,1.0
25585.0,2,11.0,0.39285714285714285,9.117438941214441,0,2.0,0.5243113868090676,0,2.0
25590.0,6,31.0,1.1071428571428572,7.337038420409708,3,7.0,0.4519923054616119,3,7.0
25595.0,6,49.0,1.6333333333333333,7.333117634358364,1,12.0,0.48069263254009986,1,12.0
25600.0,7,45.0,1.5,7.846988482090784,2,13.0,0.39491439914841764,2,13.0
25605.0,2,2.0,0.07142857142857142,6.568861988213251,1,54.0,0.39272109738246147,1,54.0
25610.0,2,7.0,0.21212121212121213,7.375957204342256,1,17.0,0.4946889303491741,1,17.0
25615.0,7,15.0,0.4166666666666667,7.214514082684427,3,17.0,0.4534582096341548,3,17.0
25620.0,9,40.0,1.0,6.96740814820853,4,31.0,0.399780942036246,4,31.0
25625.0,4,7.0,0.16666666666666666,7.598647168917246,1,47.0,0.4930549531758729,1,47.0
25630.0,2,1.0,0.021739130434782608,8.397739003102762,2,28.0,0.5391775346173128,2,28.0
25635.0,3,4.0,0.08888888888888889,7.3741398912347,2,31.0,0.49407774578804825,2,31.0
25640.0,10,25.0,0.5102040816326531,6.890668471648895,7,53.0,0.43818949070056945,7,53.0
25645.0,7,20.0,0.4444444444444444,7.243914082329111,6,75.0,0.4135562246066716,6,75.0
25650.0,10,22.0,0.4782608695652174,5.659800659724911,9,72.0,0.2871551724708675,9,72.0
25655.0,10,18.0,0.36,5.155578479314947,9,83.0,0.24666506264444116,9,83.0
25660.0,14,36.0,0.6923076923076923,5.169280385656373,9,94.0,0.2736509495769921,9,94.0
25665.0,20,67.0,1.2884615384615385,4.517572068844345,13,102.0,0.1853048213966624,13,102.0
25670.0,21,109.0,1.981818181818182,4.82567458538141,10,139.0,0.2071751930119737,10,139.0
25675.0,15,95.0,1.7272727272727273,4.795047008881216,7,144.0,0.2574768466324143,7,144.0
25680.0,16,122.0,2.1403508771929824,6.200989451717103,7,127.0,0.3365375088430446,7,127.0
25685.0,19,162.0,2.9454545454545453,6.22564989462163,7,141.0,0.31820852725371596,7,141.0
25690.0,19,223.0,4.2075471698113205,5.573400234971012,7,118.0,0.29403477633550296,7,118.0
25695.0,21,281.0,5.403846153846154,4.8884500010636325,10,156.0,0.22253903076612103,10,156.0
25700.0,22,367.0,7.0576923076923075,5.374320625460372,9,189.0,0.25077445461174136,9,189.0
25705.0,20,387.0,7.588235294117647,5.195206923101865,8,200.0,0.23724386107578038,8,200.0
25710.0,26,363.0,6.849056603773585,4.70663066129293,15,186.0,0.16441382108705457,15,186.0
25715.0,16,282.0,5.529411764705882,4.647039577962519,6,206.0,0.23204278299422348,6,206.0
25720.0,25,382.0,6.821428571428571,5.533951599191698,11,210.0,0.22236020076726254,11,210.0
25725.0,21,446.0,8.25925925925926,4.542568182776313,7,230.0,0.22937509487505586,7,230.0
25730.0,20,330.0,6.346153846153846,4.986388041861181,6,136.0,0.29629912743583275,6,136.0
25735.0,15,138.0,2.816326530612245,4.892072628869722,3,184.0,0.31518191878837926,3,184.0
25740.0,12,92.0,1.803921568627451,6.564097552085886,7,287.0,0.3098866753793731,7,287.0
25745.0,9,24.0,0.47058823529411764,6.109854630918107,7,437.0,0.28608816555570465,7,437.0
25750.0,11,36.0,0.75,5.9121379602997735,7,334.0,0.2817357942462893,7,334.0
25755.0,9,26.0,0.5306122448979592,5.663244701277108,4,261.0,0.2510433196817551,4,261.0
25760.0,8,26.0,0.52,7.005600169598126,8,429.0,0.2429061478982779,8,429.0
25765.0,7,16.0,0.3333333333333333,7.098430655587197,6,447.0,0.2413187385923221,6,447.0
25770.0,8,31.0,0.7380952380952381,7.774149626107283,4,247.0,0.30468645503037023,4,247.0
25775.0,4,10.0,0.2631578947368421,6.767921598205365,4,330.0,0.23953709354922129,4,330.0
25780.0,11,52.0,1.5757575757575757,7.2260349794469,8,359.0,0.2902958593671622,8,359.0
25785.0,9,73.0,2.433333333333333,5.760360178056585,6,372.0,0.1796157233533937,6,372.0
25790.0,11,94.0,3.1333333333333333,5.521873797907935,8,294.0,0.09293955155190535,8,294.0
25795.0,2,5.0,0.16666666666666666,5.961168459696657,2,389.0,0.1440199113927172,2,389.0
25800.0,5,21.0,0.75,7.2773744103490445,4,465.0,0.18539637371427067,4,465.0
25805.0,10,33.0,1.2692307692307692,5.970893258080304,9,398.0,0.07906872327590198,9,398.0
25810.0,7,43.0,1.72,6.251640019542528,6,327.0,0.1641980323605439,6,327.0
25815.0,4,10.0,0.43478260869565216,6.137826147573101,3,412.0,0.20270616922542814,3,412.0
25820.0,4,18.0,0.8181818181818182,8.386560592049953,3,387.0,0.23527520606901123,3,387.0
25825.0,5,21.0,1.05,6.9693694121676915,4,297.0,0.16213320861408245,4,297.0
25830.0,3,19.0,1.0,7.462077611307113,3,118.0,0.25826283667558037,3,118.0
25835.0,1,2.0,0.1,8.495333704754454,1,112.0,0.3338310217703622,1,112.0
25840.0,2,8.0,0.47058823529411764,10.49233022237598,2,106.0,0.1944354666501671,2,106.0
25845.0,0,0.0,0.0,12.150877023798378,0,0.0,0.05566590696755292,0,0.0
25850.0,1,4.0,0.36363636363636365,12.574829132791638,1,4.0,0.0,1,4.0
25855.0,0,0.0,0.0,12.56053391742505,0,0.0,1.0,0,0.0
25860.0,1,0.0,0.0,11.648967131235,1,0.0,0.0,1,0.0
25865.0,0,0.0,0.0,9.549757546794048,0,0.0,0.3839246732862012,0,0.0
25870.0,1,2.0,0.2857142857142857,7.085186230277181,1,2.0,0.36680390598527113,1,2.0
25875.0,1,0.0,0.0,6.380811941332187,1,1.0,0.30085356766437527,1,1.0
25880.0,0,0.0,0.0,11.936226253467934,0,0.0,0.5060668182008351,0,0.0
25885.0,0,0.0,0.0,9.48885693197564,0,0.0,0.35658131109438096,0,0.0
25890.0,3,9.0,0.75,7.210883117487431,3,9.0,0.26903114548050794,3,9.0
25895.0,1,1.0,0.07692307692307693,7.337144316418996,1,4.0,0.23497420467170002,1,4.0
25900.0,1,6.0,0.4,10.463876492635702,1,7.0,0.3642417521623763,1,7.0
25905.0,1,11.0,0.7857142857142857,10.273707221639713,1,11.0,0.36476766770567043,1,11.0
25910.0,1,16.0,1.0666666666666667,9.734195066517914,1,16.0,0.23070757741945197,1,16.0
25915.0,2,21.0,1.2352941176470589,10.587376120043814,2,21.0,0.3359518030373566,2,21.0
25920.0,2,28.0,1.5555555555555556,10.513936603664751,2,29.0,0.17476281835639199,2,29.0
25925.0,0,0.0,0.0,10.606463552306774,0,1.0,0.3932662210954722,0,1.0
25930.0,2,6.0,0.3333333333333333,9.567002312584444,2,7.0,0.20868297167631963,2,7.0
25935.0,0,0.0,0.0,8.148009789984382,0,4.0,0.28668707744268795,0,4.0
25940.0,0,0.0,0.0,10.091621431503949,0,0.0,0.5509700531057193,0,0.0
25945.0,2,2.0,0.13333333333333333,9.529961031472757,2,2.0,0.3611447272030541,2,2.0
25950.0,5,14.0,0.8235294117647058,8.46358368744727,5,14.0,0.283686938418101,5,14.0
25955.0,0,0.0,0.0,10.163987482739355,0,5.0,0.5932523481454988,0,5.0
25960.0,2,2.0,0.1,9.457335285108238,2,2.0,0.41198600000542407,2,2.0
25965.0,0,0.0,0.0,9.670726035973448,0,1.0,0.5659170424525658,0,1.0
25970.0,0,0.0,0.0,10.223641727285985,0,0.0,0.5878273210676239,0,0.0
25975.0,1,0.0,0.0,9.826141306947498,1,0.0,0.5989593637669648,1,0.0
25980.0,1,2.0,0.1111111111111111,8.917797303582823,1,2.0,0.4858555465924163,1,2.0
25985.0,0,0.0,0.0,9.166659588742887,0,5.0,0.47743901522695414,0,5.0
25990.0,2,3.0,0.16666666666666666,8.449113118001689,2,3.0,0.3548141682327222,2,3.0
25995.0,3,13.0,0.5909090909090909,8.781663578000897,3,13.0,0.35349484931787045,3,13.0
26000.0,1,0.0,0.0,9.134146104776953,1,1.0,0.37392666498910554,1,1.0
26005.0,3,6.0,0.23076923076923078,9.015386570235139,3,6.0,0.24993370194950598,3,6.0
26010.0,2,1.0,0.043478260869565216,9.06905865106798,2,3.0,0.3273383031041751,2,3.0
26015.0,4,12.0,0.48,8.524015925325989,4,12.0,0.189698405517031,4,12.0
26020.0,2,1.0,0.045454545454545456,7.928250028888977,1,8.0,0.29156894396038663,1,8.0
26025.0,1,2.0,0.09090909090909091,9.497016770021185,1,2.0,0.28314529152501106,1,2.0
26030.0,0,0.0,0.0,9.375668565475065,0,3.0,0.28765263768204785,0,3.0
26035.0,2,7.0,0.28,9.64912860380994,2,8.0,0.30733732346925,2,8.0
26040.0,2,0.0,0.0,8.346085332075155,2,4.0,0.2190678889950313,2,4.0
26045.0,4,8.0,0.27586206896551724,9.504656473096144,4,9.0,0.2907619174612812,4,9.0
26050.0,5,19.0,0.6333333333333333,9.05962941278068,5,22.0,0.27213226719359307,5,22.0
26055.0,6,38.0,1.3571428571428572,8.525612883842694,6,42.0,0.18773191964745023,6,42.0
26060.0,6,66.0,2.869565217391304,8.288534938254626,6,67.0,0.15279635839886055,6,67.0
26065.0,8,97.0,4.217391304347826,7.3727167194222,8,99.0,0.1431324555374268,8,99.0
26070.0,7,126.0,6.0,7.1543740307832175,7,129.0,0.24577785519293283,7,129.0
26075.0,7,157.0,7.476190476190476,6.377875080215114,7,158.0,0.16112480296258946,7,158.0
26080.0,3,25.0,1.4705882352941178,5.180615885295182,3,120.0,0.2103093271023017,3,120.0
26085.0,3,13.0,0.7647058823529411,6.766877457767008,3,40.0,0.24943266020429403,3,40.0
26090.0,4,9.0,0.5,6.554252567322801,4,27.0,0.26060416776175616,4,27.0
26095.0,2,1.0,0.05263157894736842,7.304300991739157,1,18.0,0.3246570764375831,1,18.0
26100.0,1,1.0,0.05555555555555555,7.349164165427173,1,19.0,0.3739066740642848,1,19.0
26105.0,3,9.0,0.5,8.433643264672297,3,12.0,0.4080701811513911,3,12.0
26110.0,5,27.0,1.5,8.446397921179452,5,27.0,0.3344225426860461,5,27.0
26115.0,5,52.0,4.0,7.311399182294436,5,52.0,0.26580454385072083,5,52.0
26120.0,0,0.0,0.0,5.972860730378345,0,23.0,0.41283068042844384,0,23.0
26125.0,1,1.0,0.1,8.905095517079744,1,1.0,0.46247475413555567,1,1.0
26130.0,0,0.0,0.0,6.458868529620595,0,0.0,0.27374023991639507,0,0.0
26135.0,0,0.0,0.0,9.937219584626298,0,2.0,0.4721241895044609,0,2.0
26140.0,0,0.0,0.0,9.670025590872147,0,1.0,0.6092465256487716,0,1.0
26145.0,0,0.0,0.0,12.671716407564633,0,0.0,0.6396550565187376,0,0.0
26150.0,1,0.0,0.0,10.660893268568227,1,0.0,0.6745529311347775,1,0.0
26155.0,1,0.0,0.0,9.607343367151222,1,0.0,0.6710182747604291,1,0.0
26160.0,1,0.0,0.0,9.521219097367215,1,0.0,0.5769432505344885,1,0.0
26165.0,1,3.0,0.2,8.900512179772518,1,3.0,0.4902079609226036,1,3.0
26170.0,0,0.0,0.0,8.77092186618005,0,0.0,0.5818302332970358,0,0.0
26175.0,3,10.0,0.5,8.295366247809355,2,7.0,0.45440832655514296,2,7.0
26180.0,0,0.0,0.0,7.015043328443284,0,5.0,0.47477841955328876,0,5.0
26185.0,1,4.0,0.21052631578947367,11.574336412562277,1,5.0,0.7651859777429899,1,5.0
26190.0,1,0.0,0.0,10.272452025260392,1,1.0,0.5859784015058487,1,1.0
26195.0,2,8.0,0.5333333333333333,10.110925878696484,2,9.0,0.6429162927893398,2,9.0
26200.0,0,0.0,0.0,9.514213421861337,0,7.0,0.5623710693523364,0,7.0
26205.0,3,7.0,0.5,8.786717534892619,3,7.0,0.5709316933789552,3,7.0
26210.0,0,0.0,0.0,8.168893575021498,0,2.0,0.4415405554094628,0,2.0
26215.0,1,5.0,0.4166666666666667,9.901200724362365,1,5.0,0.455415717576781,1,5.0
26220.0,1,1.0,0.08333333333333333,6.921667795766971,1,1.0,0.3718659993523186,1,1.0
26225.0,1,6.0,0.375,9.65356125394202,1,7.0,0.5131062369225081,1,7.0
26230.0,2,1.0,0.0625,7.150048888846037,1,2.0,0.4833858461583112,1,2.0
26235.0,4,15.0,0.8333333333333334,6.915089464090943,4,16.0,0.40005376193586495,4,16.0
26240.0,0,0.0,0.0,7.487367654181535,0,5.0,0.458515735094155,0,5.0
26245.0,0,0.0,0.0,11.127994960701285,0,0.0,0.6549997550893186,0,0.0
26250.0,0,0.0,0.0,10.436367004073325,0,0.0,0.5627805958264506,0,0.0
26255.0,4,7.0,0.3684210526315789,7.896710428114447,3,6.0,0.4612016821778547,3,6.0
26260.0,0,0.0,0.0,8.210499851278598,0,5.0,0.4980951585953816,0,5.0
26265.0,0,0.0,0.0,10.712275446118868,0,0.0,0.6301991270259492,0,0.0
26270.0,0,0.0,0.0,10.45767535967862,0,0.0,0.6384125046792465,0,0.0
26275.0,2,7.0,0.3333333333333333,9.605380125688349,2,7.0,0.5612467231195152,2,7.0
26280.0,6,25.0,1.1904761904761905,7.368604104015522,6,25.0,0.4784130467365316,6,25.0
26285.0,2,6.0,0.2727272727272727,6.96068188517088,2,31.0,0.48592458067850225,2,31.0
26290.0,3,12.0,0.5,7.397948068316375,3,15.0,0.438468120236065,3,15.0
26295.0,4,10.0,0.45454545454545453,7.0749179429278115,4,18.0,0.41294256055918455,4,18.0
26300.0,5,25.0,1.1904761904761905,6.788334184242126,5,25.0,0.37585999470825165,5,25.0
26305.0,2,6.0,0.3,7.088663366716418,2,28.0,0.4231479767875878,2,28.0
26310.0,2,11.0,0.55,8.978894785694964,2,11.0,0.4940842621703438,2,11.0
26315.0,3,3.0,0.14285714285714285,8.911989887915013,3,3.0,0.34606197384175813,3,3.0
26320.0,4,19.0,1.0555555555555556,6.830697272862945,4,19.0,0.30463808297981304,4,19.0
26325.0,0,0.0,0.0,7.210489135831008,0,17.0,0.3840333376569938,0,17.0
26330.0,1,1.0,0.047619047619047616,8.150355122819734,0,0.0,0.39354065220557155,0,0.0
26335.0,2,4.0,0.17391304347826086,7.94753579371597,2,5.0,0.3799508220495652,2,5.0
26340.0,6,23.0,1.0,6.3636145305322325,6,23.0,0.3399216069864801,6,23.0
26345.0,1,0.0,0.0,7.159544022068109,1,14.0,0.43058900447603965,1,14.0
26350.0,1,2.0,0.08,9.597432236267414,0,0.0,0.6035964023776028,0,0.0
26355.0,2,6.0,0.3,8.714382500786552,2,6.0,0.4761874355333981,2,6.0
26360.0,5,23.0,1.5333333333333334,8.350310390503385,5,23.0,0.5154894259681887,5,23.0
26365.0,2,7.0,0.4666666666666667,7.626800540554858,2,20.0,0.5200863695469973,2,20.0
26370.0,1,6.0,0.375,8.486739494070465,1,6.0,0.5040062828912653,1,6.0
26375.0,0,0.0,0.0,9.788483939144182,0,0.0,0.9079008663060798,0,0.0
26380.0,1,0.0,0.0,9.65243662657545,1,0.0,0.5178120852737672,1,0.0
26385.0,3,2.0,0.125,8.76424153806861,3,2.0,0.3310703361558295,3,2.0
26390.0,2,7.0,0.5,9.24724565386486,2,7.0,0.5067573153994742,2,7.0
26395.0,3,13.0,0.8666666666666667,9.260928578670638,3,13.0,0.48862835810913713,3,13.0
26400.0,2,20.0,1.3333333333333333,9.387448450810602,2,20.0,0.581158587145622,2,20.0
26405.0,5,35.0,2.0588235294117645,9.051378658146948,5,35.0,0.496070309709384,5,35.0
26410.0,0,0.0,0.0,9.20732899896212,0,5.0,0.6755118380743128,0,5.0
26415.0,2,5.0,0.35714285714285715,9.898461979312856,2,5.0,0.5421902492389781,2,5.0
26420.0,0,0.0,0.0,9.31581092077055,0,5.0,0.6741229323013167,0,5.0
26425.0,2,0.0,0.0,9.67234019719607,2,0.0,0.6101901741884613,2,0.0
26430.0,3,0.0,0.0,6.077359675003371,3,0.0,0.38831459845645927,3,0.0
26435.0,3,7.0,0.3888888888888889,8.478591580666121,3,7.0,0.4875386846662933,3,7.0
26440.0,1,0.0,0.0,8.346384215983235,1,9.0,0.5668075242452805,1,9.0
26445.0,4,6.0,0.2222222222222222,8.643073675560556,4,6.0,0.540919378412113,4,6.0
26450.0,0,0.0,0.0,8.612398630250913,0,4.0,0.5432366499944608,0,4.0
26455.0,3,9.0,0.34615384615384615,9.689780492388724,3,9.0,0.5568348349046355,3,9.0
26460.0,1,1.0,0.045454545454545456,9.49146880110798,1,3.0,0.5448800006166016,1,3.0
26465.0,2,8.0,0.4,9.105455072940202,2,9.0,0.4486634270836068,2,9.0
26470.0,1,0.0,0.0,7.7588888270638465,1,4.0,0.4321164569868391,1,4.0
26475.0,3,1.0,0.05,7.2547057617626125,2,3.0,0.345130920753248,2,3.0
26480.0,0,0.0,0.0,9.600065508631474,0,2.0,0.4478664574054141,0,2.0
26485.0,3,12.0,0.6,7.69706049071776,3,13.0,0.4090421758949741,3,13.0
26490.0,0,0.0,0.0,7.644672234185525,0,8.0,0.5207988227391604,0,8.0
26495.0,1,0.0,0.0,9.416508286603685,1,0.0,0.6522019889302526,1,0.0
26500.0,3,6.0,0.2608695652173913,9.990598028497244,3,6.0,0.6240602890654038,3,6.0
26505.0,5,19.0,1.0,9.235838791135743,5,19.0,0.6164741833658434,5,19.0
26510.0,1,2.0,0.1111111111111111,7.879590780368422,1,12.0,0.5367992600274812,1,12.0
26515.0,5,18.0,0.9,8.716391238600625,5,18.0,0.5307575686137251,5,18.0
26520.0,1,5.0,0.2631578947368421,8.47759448510542,1,20.0,0.6034439530083652,1,20.0
26525.0,1,4.0,0.21052631578947367,8.449211526048055,0,5.0,0.5833280745150022,0,5.0
26530.0,4,8.0,0.38095238095238093,7.445185830420696,4,13.0,0.41309467622693163,4,13.0
26535.0,9,37.0,1.608695652173913,6.3080978656688975,9,42.0,0.3226092250391459,9,42.0
26540.0,4,20.0,0.8,6.453086423585343,4,39.0,0.41064647347841615,4,39.0
26545.0,2,0.0,0.0,8.960807991647997,2,17.0,0.5157036340880936,2,17.0
26550.0,1,0.0,0.0,9.086991439492744,1,17.0,0.5071598554953953,1,17.0
26555.0,4,15.0,0.5555555555555556,9.31063161194143,4,32.0,0.4720049994418623,4,32.0
26560.0,4,12.0,0.5217391304347826,8.359833522192776,4,34.0,0.5169939712610403,4,34.0
26565.0,3,11.0,0.4230769230769231,7.789968032130362,2,19.0,0.41610515162373984,2,19.0
26570.0,6,28.0,1.0769230769230769,7.57178166438402,6,36.0,0.3907011689671916,6,36.0
26575.0,8,58.0,2.1481481481481484,6.141771604835507,8,66.0,0.36448781418809556,8,66.0
26580.0,10,80.0,2.3529411764705883,5.270625108037844,10,98.0,0.2902568268839761,10,98.0
26585.0,10,106.0,2.65,6.269924031912166,10,124.0,0.34716280709230185,10,124.0
26590.0,4,4.0,0.09090909090909091,5.6512387345891915,4,78.0,0.3087310296430524,4,78.0
26595.0,8,24.0,0.5217391304347826,6.455047166736816,7,45.0,0.31917130144013356,7,45.0
26600.0,11,27.0,0.5625,5.97291937990374,10,64.0,0.2664468297830988,10,64.0
26605.0,15,60.0,1.25,6.4914235737088015,15,92.0,0.26316950454339755,15,92.0
26610.0,5,9.0,0.1875,7.129950930200123,5,87.0,0.2784899175250241,5,87.0
26615.0,8,21.0,0.4666666666666667,7.628964913874064,7,62.0,0.3214336400876316,7,62.0
26620.0,8,21.0,0.4883720930232558,7.180857794425701,8,69.0,0.29000454151949057,8,69.0
26625.0,8,33.0,0.8918918918918919,7.162119901626526,8,69.0,0.3239680503591378,8,69.0
26630.0,1,2.0,0.05714285714285714,7.662437374470722,1,64.0,0.37528697861773114,1,64.0
26635.0,6,20.0,0.5714285714285714,7.160258378650751,5,52.0,0.3474209421647023,5,52.0
26640.0,6,26.0,0.7878787878787878,6.681968534600959,6,64.0,0.31684275816714313,6,64.0
26645.0,5,30.0,0.8571428571428571,7.82151038603783,5,57.0,0.37729100853171554,5,57.0
26650.0,2,3.0,0.08823529411764706,7.192457886096477,2,45.0,0.4420110298341298,2,45.0
26655.0,8,25.0,0.7142857142857143,7.990959277133202,7,54.0,0.45145437672275296,7,54.0
26660.0,3,14.0,0.42424242424242425,9.134678977306267,3,56.0,0.5392715953987621,3,56.0
26665.0,4,11.0,0.3235294117647059,8.40001571176745,4,34.0,0.48419991039476523,4,34.0
26670.0,3,1.0,0.030303030303030304,7.825728920818726,3,20.0,0.4451008164572355,3,20.0
26675.0,7,15.0,0.4411764705882353,8.344684718756744,6,26.0,0.4159597076010826,6,26.0
26680.0,7,16.0,0.47058823529411764,8.179881562658771,6,28.0,0.4149315983459692,6,28.0
26685.0,3,8.0,0.24242424242424243,8.715668035002963,3,25.0,0.43577729275553617,3,25.0
26690.0,7,26.0,0.7647058823529411,8.585081282423065,6,29.0,0.4567085387568468,6,29.0
26695.0,1,0.0,0.0,7.629031155849038,1,12.0,0.4738888192321838,1,12.0
26700.0,4,8.0,0.2,8.09393847875273,4,11.0,0.5284622356206807,4,11.0
26705.0,4,6.0,0.13636363636363635,7.323586237440687,4,16.0,0.39566988201055386,4,16.0
26710.0,9,34.0,0.7083333333333334,8.049685766428885,9,35.0,0.36935127518548344,9,35.0
26715.0,5,20.0,0.4,7.559763351729997,5,46.0,0.3727293871413149,5,46.0
26720.0,9,18.0,0.35294117647058826,8.115522693131286,8,43.0,0.3649578740623942,8,43.0
26725.0,4,12.0,0.24489795918367346,7.629766974842686,4,50.0,0.3923069370909056,4,50.0
26730.0,7,26.0,0.48148148148148145,7.905221570492802,7,62.0,0.35566150214426,7,62.0
26735.0,6,14.0,0.25925925925925924,7.680836852351856,6,64.0,0.35332340246433513,6,64.0
26740.0,11,28.0,0.5283018867924528,7.729544570830699,10,60.0,0.35606553554523585,10,60.0
26745.0,7,16.0,0.3076923076923077,7.046841860130643,5,69.0,0.3608899970912045,5,69.0
26750.0,8,26.0,0.4727272727272727,7.568929413731724,8,61.0,0.37040815997979926,8,61.0
26755.0,7,20.0,0.37037037037037035,7.529171772291401,7,70.0,0.33604521628337947,7,70.0
26760.0,14,43.0,0.7962962962962963,6.767633985271732,13,74.0,0.33477602605922196,13,74.0
26765.0,5,14.0,0.25925925925925924,6.602148642031072,5,81.0,0.3292788559146687,5,81.0
26770.0,7,23.0,0.40350877192982454,7.916309549859704,7,62.0,0.3421148654608099,7,62.0
26775.0,8,21.0,0.42,6.560342725060832,8,76.0,0.3090921149304233,8,76.0
26780.0,13,43.0,0.86,6.314314869214208,13,80.0,0.25957386680586825,13,80.0
26785.0,6,14.0,0.2857142857142857,6.387404682408666,6,88.0,0.27618944942989204,6,88.0
26790.0,7,27.0,0.5869565217391305,7.191833430927585,5,89.0,0.30313618634746803,5,89.0
26795.0,5,12.0,0.26666666666666666,7.048481968563118,5,87.0,0.266890817686287,5,87.0
26800.0,8,27.0,0.6428571428571429,7.1274958639680275,8,85.0,0.1965298717269586,8,85.0
26805.0,6,14.0,0.358974358974359,6.365528993234158,6,98.0,0.18084307139600211,6,98.0
26810.0,5,13.0,0.3333333333333333,7.5907250255450895,5,79.0,0.2140491674957369,5,79.0
26815.0,8,18.0,0.5454545454545454,5.8452565278836,8,87.0,0.18104626455480222,8,87.0
26820.0,6,30.0,1.0,5.762355700875929,6,79.0,0.26729990681440635,6,79.0
26825.0,2,2.0,0.06451612903225806,7.115887858053918,2,72.0,0.3583484643008704,2,72.0
26830.0,4,13.0,0.4642857142857143,7.675747183234948,4,69.0,0.34609857341651007,4,69.0
26835.0,5,17.0,0.68,5.776499123568151,5,75.0,0.27569071975699516,5,75.0
26840.0,7,13.0,0.43333333333333335,5.832038934802558,6,51.0,0.2264501163454494,6,51.0
26845.0,4,12.0,0.375,7.512269789158065,3,44.0,0.33957890400374646,3,44.0
26850.0,1,1.0,0.029411764705882353,7.981808349689606,1,28.0,0.32268588641010554,1,28.0
26855.0,5,13.0,0.34210526315789475,8.175100685013021,5,41.0,0.3195399440774611,5,41.0
26860.0,4,10.0,0.2631578947368421,7.913081452975566,4,46.0,0.27949834915832245,4,46.0
26865.0,3,12.0,0.32432432432432434,8.405763517460375,2,30.0,0.3954164844883153,2,30.0
26870.0,2,2.0,0.05405405405405406,9.5534166778093,2,21.0,0.4891364587082232,2,21.0
26875.0,5,18.0,0.5,9.037717795590577,5,37.0,0.40995697088286454,5,37.0
26880.0,4,14.0,0.4,8.025142529087118,4,44.0,0.3832915974135986,4,44.0
26885.0,2,7.0,0.18421052631578946,8.562151030457112,2,31.0,0.4195002114013873,2,31.0
26890.0,3,6.0,0.16216216216216217,8.91349795136793,3,23.0,0.41798263836059985,3,23.0
26895.0,8,38.0,1.0857142857142856,7.981655867607742,8,55.0,0.3233991076650647,8,55.0
26900.0,5,17.0,0.5,6.7277085752953605,5,63.0,0.2675945900845523,5,63.0
26905.0,5,10.0,0.2777777777777778,6.797060318392016,5,33.0,0.20907083688997075,5,33.0
26910.0,9,29.0,0.7837837837837838,6.396430680912196,7,38.0,0.19408310997828235,7,38.0
26915.0,2,2.0,0.05555555555555555,7.279341018108446,2,26.0,0.298780742911269,2,26.0
26920.0,4,14.0,0.3684210526315789,7.955007388402097,3,22.0,0.30708315703909533,3,22.0
26925.0,4,12.0,0.3157894736842105,8.351161524900602,4,32.0,0.34243270881764276,4,32.0
26930.0,4,13.0,0.34210526315789475,8.354001180515482,4,27.0,0.33854768355407067,4,27.0
26935.0,1,1.0,0.02702702702702703,8.51699110080073,1,25.0,0.4279034108188449,1,25.0
26940.0,7,22.0,0.6285714285714286,8.121150608266504,5,39.0,0.370807595522441,5,39.0
26945.0,6,18.0,0.5294117647058824,7.716346657868403,6,63.0,0.37199466667513104,6,63.0
26950.0,6,20.0,0.5882352941176471,7.0831600024979275,6,65.0,0.2730703268882782,6,65.0
26955.0,4,7.0,0.21875,7.160623110857333,4,65.0,0.31278330209886823,4,65.0
26960.0,7,34.0,1.096774193548387,7.907683781993115,7,89.0,0.2699954714147619,7,89.0
26965.0,8,26.0,0.8387096774193549,6.207548994046336,8,98.0,0.2067955441602608,8,98.0
26970.0,3,17.0,0.5151515151515151,8.506866854042437,3,55.0,0.3907053306544819,3,55.0
26975.0,3,2.0,0.058823529411764705,9.27759577034325,3,48.0,0.43119305663177165,3,48.0
26980.0,7,29.0,0.8787878787878788,8.430138950595534,5,61.0,0.3956596517884227,5,61.0
26985.0,2,3.0,0.08333333333333333,8.736690818098994,2,52.0,0.4353680426520538,2,52.0
26990.0,2,4.0,0.12121212121212122,9.194976431610966,2,4.0,0.48178954520039363,2,4.0
26995.0,2,3.0,0.0967741935483871,9.207382138678618,2,3.0,0.44827253942589823,2,3.0
27000.0,5,20.0,0.8333333333333334,9.11993619770938,5,20.0,0.42950110854590745,5,20.0
27005.0,0,0.0,0.0,9.586201262639545,0,13.0,0.4044509602545833,0,13.0
27010.0,3,2.0,0.1,9.695047531743281,2,1.0,0.36587958769656254,2,1.0
27015.0,1,2.0,0.125,9.964516367935953,1,2.0,0.3644111549289332,1,2.0
27020.0,3,10.0,0.7142857142857143,8.712881961155196,3,10.0,0.20389594738573766,3,10.0
27025.0,0,0.0,0.0,6.073952866796443,0,4.0,0.2676583404348461,0,4.0
27030.0,1,0.0,0.0,9.6138556950894,1,0.0,0.34624848098011507,1,0.0
27035.0,2,1.0,0.08333333333333333,8.877323371229217,2,1.0,0.2657356762731189,2,1.0
27040.0,3,9.0,0.5625,7.448616154171755,3,9.0,0.27003709574475915,3,9.0
27045.0,1,0.0,0.0,7.327912028906072,1,8.0,0.342414363674983,1,8.0
27050.0,3,4.0,0.18181818181818182,10.31761988640186,3,4.0,0.5114310330911264,3,4.0
27055.0,1,0.0,0.0,11.184280813936816,1,0.0,0.5843873032754683,1,0.0
27060.0,3,8.0,0.4444444444444444,9.476920977711108,3,8.0,0.4693353846470523,3,8.0
27065.0,0,0.0,0.0,9.284031304726435,0,7.0,0.44792994622875637,0,7.0
27070.0,2,4.0,0.19047619047619047,8.724661950516353,2,4.0,0.2710529725384713,2,4.0
27075.0,1,1.0,0.05555555555555555,9.021869013556943,1,6.0,0.2889235575576874,1,6.0
27080.0,3,12.0,0.8,7.534933340417475,3,12.0,0.09681884604635212,3,12.0
27085.0,2,9.0,0.6923076923076923,6.589361135525232,2,22.0,0.2820978098249929,2,22.0
27090.0,1,4.0,0.3076923076923077,8.221155677773977,1,9.0,0.4612482229399287,1,9.0
27095.0,1,2.0,0.16666666666666666,7.988884455506828,1,7.0,0.4599780324682109,1,7.0
27100.0,3,11.0,0.9166666666666666,8.355348345618394,3,16.0,0.5117691450397971,3,16.0
27105.0,1,3.0,0.3333333333333333,5.987876999994074,1,10.0,0.38790673837727824,1,10.0
27110.0,4,16.0,1.4545454545454546,6.166882016912945,2,13.0,0.45059163479353864,2,13.0
27115.0,0,0.0,0.0,8.59042246025732,0,8.0,0.6252330012617344,0,8.0
27120.0,4,7.0,0.4375,7.029703293822167,2,2.0,0.44776472563410785,2,2.0
27125.0,1,2.0,0.1111111111111111,7.387173578218314,1,2.0,0.4607170940545106,1,2.0
27130.0,4,15.0,0.75,9.165961797721693,4,15.0,0.5028631841664922,4,15.0
27135.0,0,0.0,0.0,9.684234795254397,0,11.0,0.616159525285945,0,11.0
27140.0,1,5.0,0.3333333333333333,8.055946118583654,1,10.0,0.5014741182278822,1,10.0
27145.0,1,4.0,0.2857142857142857,8.982529712888246,1,9.0,0.4849618616141594,1,9.0
27150.0,4,19.0,1.4615384615384615,6.566682224121283,4,24.0,0.23712142147545404,4,24.0
27155.0,1,0.0,0.0,6.894923897581918,0,8.0,0.37204216162158726,0,8.0
27160.0,3,11.0,0.7857142857142857,7.8736870723979555,1,4.0,0.31579924017325306,1,4.0
27165.0,2,1.0,0.07142857142857142,6.097156091137864,2,2.0,0.1978616319984187,2,2.0
27170.0,3,11.0,0.7333333333333333,9.561428578042259,3,12.0,0.2125022127212032,3,12.0
27175.0,1,0.0,0.0,7.846289643742011,1,4.0,0.2948277223852207,1,4.0
27180.0,2,3.0,0.21428571428571427,9.764885082355457,2,3.0,0.34341844383226133,2,3.0
27185.0,5,4.0,0.25,7.291628051352758,5,4.0,0.22648304336142785,5,4.0
27190.0,3,15.0,0.8333333333333334,8.705697171012348,3,15.0,0.34094519607441665,3,15.0
27195.0,1,1.0,0.05555555555555555,9.627057117145823,1,7.0,0.3534707298556167,1,7.0
27200.0,2,2.0,0.11764705882352941,9.518803990346775,2,3.0,0.34399506823875786,2,3.0
27205.0,2,7.0,0.5833333333333334,10.176805383606265,2,7.0,0.4074292629259775,2,7.0
27210.0,1,12.0,1.0909090909090908,11.25169707995704,1,12.0,0.46852131052743307,1,12.0
27215.0,1,17.0,1.8888888888888888,10.04059900141829,1,17.0,0.10776377683727299,1,17.0
27220.0,2,26.0,2.3636363636363638,7.732931088355681,2,27.0,0.25524852650639035,2,27.0
27225.0,0,0.0,0.0,9.494261269090186,0,1.0,0.5566520775432955,0,1.0
27230.0,1,4.0,0.3333333333333333,10.892128935483605,0,0.0,0.5883916029169699,0,0.0
27235.0,2,2.0,0.16666666666666666,10.599725130589304,2,2.0,0.29101126263809296,2,2.0
27240.0,1,7.0,0.875,10.335550939979274,1,8.0,0.4301534160367795,1,8.0
27245.0,1,12.0,1.7142857142857142,7.4974963225443245,1,13.0,0.2230228496004957,1,13.0
27250.0,3,25.0,5.0,3.923491992797249,3,26.0,0.14719963681717407,3,26.0
27255.0,5,42.0,5.25,2.6617492330058803,5,43.0,0.10715436845814122,5,43.0
27260.0,2,27.0,2.4545454545454546,5.384910098701463,2,38.0,0.31423021973018234,2,38.0
27265.0,1,32.0,2.909090909090909,8.826848229506032,1,32.0,0.25965691841609156,1,32.0
27270.0,3,37.0,2.8461538461538463,10.108674285916333,2,37.0,0.3697661913309419,2,37.0
27275.0,2,42.0,3.0,9.042511855448014,1,42.0,0.3253655830315974,1,42.0
27280.0,3,48.0,2.6666666666666665,7.928713150028312,3,49.0,0.3631159097271304,3,49.0
27285.0,5,64.0,2.909090909090909,6.275338372695498,5,65.0,0.26927763366000784,5,65.0
27290.0,5,28.0,1.2173913043478262,6.009104499188569,5,33.0,0.29232013244073024,5,33.0
27295.0,6,57.0,2.375,9.901370385527768,6,59.0,0.44186199892918077,6,59.0
27300.0,3,33.0,2.0625,7.224895511936422,3,65.0,0.4416909267864175,3,65.0
27305.0,0,0.0,0.0,9.628856150868398,0,23.0,0.6871385597701963,0,23.0
27310.0,1,1.0,0.07142857142857142,10.138334083785484,1,24.0,0.5640704051883085,1,24.0
27315.0,3,13.0,1.0833333333333333,7.504255518825519,3,36.0,0.46858665259246773,3,36.0
27320.0,0,0.0,0.0,7.088995459751354,0,26.0,0.4871721096600325,0,26.0
27325.0,1,3.0,0.2727272727272727,10.970572309428318,1,3.0,0.45250504188943586,1,3.0
27330.0,0,0.0,0.0,12.052626790885954,0,0.0,0.6519382432419928,0,0.0
27335.0,2,3.0,0.75,5.765496863704117,1,3.0,0.0003506097553940159,1,3.0
27340.0,0,0.0,0.0,9.315706291162503,0,0.0,1.0,0,0.0
27345.0,0,0.0,0.0,10.14827958927397,0,0.0,0.3957371951659502,0,0.0
27350.0,0,0.0,0.0,7.701748781380275,0,0.0,0.40627639550591405,0,0.0
27355.0,0,0.0,0.0,12.896948753201961,0,0.0,0.9048945610655659,0,0.0
27360.0,0,0.0,0.0,7.8038655539239885,0,0.0,0.4271765387933453,0,0.0
27365.0,3,5.0,0.5555555555555556,5.604823135870453,2,5.0,0.24698017260679306,2,5.0
27370.0,0,0.0,0.0,7.18045806328915,0,0.0,0.44901789304695644,0,0.0
27375.0,0,0.0,0.0,13.170884642984522,0,0.0,0.6943258863118501,0,0.0
27380.0,0,0.0,0.0,7.575328534794494,0,0.0,0.012425843773141591,0,0.0
27385.0,2,10.0,1.6666666666666667,6.094229905681741,2,10.0,0.13000755455126758,2,10.0
27390.0,1,0.0,0.0,7.0565942055988256,1,0.0,0.31442513316769316,1,0.0
27395.0,0,0.0,0.0,13.03829458981702,0,0.0,0.6059447907167991,0,0.0
27400.0,1,1.0,0.14285714285714285,9.91082892563929,1,1.0,0.43731109000144575,1,1.0
27405.0,2,9.0,1.5,6.915532963819568,2,9.0,0.34015249031354866,2,9.0
27410.0,0,0.0,0.0,6.948306618004173,0,3.0,0.4533339482136105,0,3.0
27415.0,0,0.0,0.0,10.909580097800953,0,0.0,0.3359857496018068,0,0.0
27420.0,0,0.0,0.0,8.417534911599287,0,0.0,0.38984260109004604,0,0.0
27425.0,1,3.0,0.5,7.790500115635105,1,3.0,0.3321475524312904,1,3.0
27430.0,0,0.0,0.0,7.82838399298783,0,0.0,0.7035606142624994,0,0.0
27435.0,0,0.0,0.0,13.42557067405179,0,0.0,0.7310840137360849,0,0.0
27440.0,0,0.0,0.0,8.459421760388388,0,0.0,0.6268316838168471,0,0.0
27445.0,1,5.0,0.5555555555555556,8.015358403176283,1,5.0,0.5825734906618555,1,5.0
27450.0,2,11.0,1.0,9.588390702021497,2,11.0,0.6255192851708691,2,11.0
27455.0,2,2.0,0.13333333333333333,6.907466436587251,1,2.0,0.525266661300672,1,2.0
27460.0,2,11.0,0.6470588235294118,10.036937209161211,1,7.0,0.5525159762920795,1,7.0
27465.0,1,0.0,0.0,8.495653559542525,0,0.0,0.6414509464817215,0,0.0
27470.0,2,6.0,0.42857142857142855,8.841371721603986,2,6.0,0.4385855955511401,2,6.0
27475.0,2,0.0,0.0,7.949580200475167,1,0.0,0.4380169293824145,1,0.0
27480.0,2,4.0,0.2857142857142857,9.437579484891558,1,4.0,0.5242937790529488,1,4.0
27485.0,0,0.0,0.0,9.060167998356922,0,0.0,0.6120218952299477,0,0.0
27490.0,2,5.0,0.4166666666666667,6.854253697518305,2,5.0,0.37761162563951906,2,5.0
27495.0,0,0.0,0.0,7.9167377264683845,0,2.0,0.6752390117691363,0,2.0
27500.0,1,3.0,0.21428571428571427,10.823453690494919,0,0.0,0.8327905716044837,0,0.0
27505.0,1,0.0,0.0,10.150790318168097,1,0.0,0.6754259759943284,1,0.0
27510.0,3,7.0,0.4666666666666667,8.810185180618815,3,7.0,0.5572488923564107,3,7.0
27515.0,1,0.0,0.0,8.750031705872193,0,2.0,0.5821995146001381,0,2.0
27520.0,1,4.0,0.23529411764705882,10.976915830889526,1,4.0,0.661309936189298,1,4.0
27525.0,2,5.0,0.3125,8.791774396675102,1,0.0,0.48664906060654367,1,0.0
27530.0,1,3.0,0.21428571428571427,9.227483469053988,1,3.0,0.5156729700014949,1,3.0
27535.0,0,0.0,0.0,7.860950088057983,0,9.0,0.5582911035121524,0,9.0
27540.0,4,7.0,0.4375,8.020823664431582,4,7.0,0.4621179967853666,4,7.0
27545.0,2,1.0,0.0625,8.03130630373623,2,3.0,0.5901670454655473,2,3.0
27550.0,3,6.0,0.3333333333333333,7.706871398235339,1,4.0,0.5063085843177844,1,4.0
27555.0,3,9.0,0.42857142857142855,5.266990089890895,3,13.0,0.3375767561099002,3,13.0
27560.0,8,31.0,1.24,5.26557889315813,8,32.0,0.20355157057638187,8,32.0
27565.0,6,40.0,1.6666666666666667,5.344896987414342,4,54.0,0.3202800466542524,4,54.0
27570.0,6,62.0,2.5833333333333335,6.2363623222196205,6,74.0,0.3246166849403527,6,74.0
27575.0,6,86.0,3.909090909090909,5.835551290447807,6,96.0,0.3356869873069059,6,96.0
27580.0,6,114.0,5.181818181818182,7.908629050586458,6,123.0,0.43409684227613543,6,123.0
27585.0,4,11.0,0.4583333333333333,6.976034800205021,4,86.0,0.38597981582389906,4,86.0
27590.0,9,29.0,1.0740740740740742,7.168491749495581,9,38.0,0.32515088359138555,9,38.0
27595.0,3,6.0,0.2222222222222222,7.040795965292824,2,41.0,0.4223585604347669,2,41.0
27600.0,5,17.0,0.5666666666666667,6.904003786426139,3,19.0,0.46497811885048446,3,19.0
27605.0,2,12.0,0.3870967741935484,6.703890171662204,1,16.0,0.43181064833405,1,16.0
27610.0,7,37.0,1.15625,7.8691330668958575,5,32.0,0.466357640015862,5,32.0
27615.0,6,43.0,1.4333333333333333,6.336488177719999,3,33.0,0.3451572430291195,3,33.0
27620.0,11,76.0,2.7142857142857144,5.421002780946501,6,44.0,0.29702704569766036,6,44.0
27625.0,6,64.0,2.3703703703703702,4.031676107724204,3,49.0,0.25716144737512675,3,49.0
27630.0,11,97.0,3.2333333333333334,6.688081997059503,7,56.0,0.31476790470150456,7,56.0
27635.0,5,17.0,0.6071428571428571,5.897793418695271,5,58.0,0.30705290524778356,5,58.0
27640.0,7,26.0,0.8666666666666667,5.35482353437944,5,62.0,0.31434650440404827,5,62.0
27645.0,14,80.0,2.4242424242424243,5.429198574378476,10,85.0,0.32345486468619056,10,85.0
27650.0,17,148.0,3.8947368421052633,5.274524715730818,13,137.0,0.27788258728778115,13,137.0
27655.0,5,29.0,0.7435897435897436,5.791435249566341,5,108.0,0.38006255405089057,5,108.0
27660.0,6,37.0,0.8809523809523809,6.766378600492518,4,39.0,0.38966536653791517,4,39.0
27665.0,9,36.0,0.9230769230769231,5.048003242805259,4,26.0,0.30125688230570563,4,26.0
27670.0,16,104.0,2.736842105263158,4.61821021155868,8,55.0,0.30596282447805034,8,55.0
27675.0,21,156.0,4.0,3.44956463848246,12,97.0,0.22066173823650273,12,97.0
27680.0,23,246.0,6.473684210526316,4.374938381192698,14,141.0,0.23593127143635165,14,141.0
27685.0,13,166.0,4.882352941176471,3.76205312180513,6,175.0,0.2596714429547728,6,175.0
27690.0,18,234.0,6.685714285714286,3.9851941176489203,8,186.0,0.20855803832418054,8,186.0
27695.0,19,316.0,9.875,2.6898489261000647,9,206.0,0.164923830069031,9,206.0
27700.0,20,371.0,11.59375,2.9014830227871937,13,264.0,0.17986079286477974,13,264.0
27705.0,13,252.0,7.636363636363637,4.109082752629192,7,272.0,0.2830663145473869,7,272.0
27710.0,15,247.0,7.71875,4.6163028036914255,8,288.0,0.32104651208319457,8,288.0
27715.0,14,279.0,9.3,3.4036379500055234,7,315.0,0.3259501282889907,7,315.0
27720.0,15,242.0,7.5625,4.141421884681315,8,296.0,0.36899052225693957,8,296.0
27725.0,9,49.0,1.53125,4.942276600149975,8,348.0,0.3276973588861736,8,348.0
27730.0,18,121.0,3.903225806451613,3.8709167967931952,11,396.0,0.28749882636996305,11,396.0
27735.0,10,98.0,3.0625,5.348712959113607,5,387.0,0.3289642332137376,5,387.0
27740.0,10,54.0,1.7419354838709677,5.638738905974903,7,402.0,0.30177929808755605,7,402.0
27745.0,12,50.0,1.6666666666666667,4.841433512025154,10,431.0,0.30463775930463627,10,431.0
27750.0,15,72.0,2.3225806451612905,5.581210969106177,8,457.0,0.34926790158957816,8,457.0
27755.0,6,42.0,1.5,6.064602888664455,2,429.0,0.434408368163128,2,429.0
27760.0,5,25.0,0.8928571428571429,6.922206952316784,4,401.0,0.4541229616208273,4,401.0
27765.0,8,28.0,1.037037037037037,6.467526224280153,6,380.0,0.4672707427318759,6,380.0
27770.0,6,39.0,1.4444444444444444,7.628713822884635,3,325.0,0.5645620100324016,3,325.0
27775.0,1,2.0,0.06896551724137931,7.349417433785313,1,389.0,0.4492664479536377,1,389.0
27780.0,6,18.0,0.6,9.14728615279301,6,533.0,0.5073016496736246,6,533.0
27785.0,6,18.0,0.6428571428571429,8.928492021489467,6,477.0,0.4846549772575595,6,477.0
27790.0,2,9.0,0.375,8.498205137824835,2,324.0,0.5168909391096553,2,324.0
27795.0,1,1.0,0.041666666666666664,7.8757249686500375,1,236.0,0.5119675279562055,1,236.0
27800.0,4,13.0,0.48148148148148145,9.005962742127066,4,243.0,0.541005779735385,4,243.0
27805.0,2,2.0,0.08695652173913043,8.636593178084665,2,162.0,0.5783143610481978,2,162.0
27810.0,2,11.0,0.5,10.021593217466787,2,84.0,0.6676117283177931,2,84.0
27815.0,2,5.0,0.20833333333333334,8.32629824603815,2,82.0,0.511661739715896,2,82.0
27820.0,3,14.0,0.5833333333333334,9.729895062967115,3,87.0,0.6424734230276272,3,87.0
27825.0,2,1.0,0.041666666666666664,9.913673927505554,2,1.0,0.5802397470651306,2,1.0
27830.0,4,17.0,0.7083333333333334,9.473156851829259,3,16.0,0.5946887065003278,3,16.0
27835.0,0,0.0,0.0,8.922062771368603,0,10.0,0.5878123012144562,0,10.0
27840.0,2,5.0,0.2,9.347161218272738,2,6.0,0.567363340542432,2,6.0
27845.0,2,1.0,0.037037037037037035,9.25095237073164,2,4.0,0.6043061554756819,2,4.0
27850.0,6,15.0,0.5769230769230769,8.43476908731624,5,13.0,0.5415941497618747,5,13.0
27855.0,0,0.0,0.0,7.789389081471831,0,11.0,0.5188068894088927,0,11.0
27860.0,2,4.0,0.14814814814814814,10.314398797434674,2,4.0,0.6246357733539902,2,4.0
27865.0,2,2.0,0.08695652173913043,9.44663628286666,2,2.0,0.5963510795868854,2,2.0
27870.0,5,12.0,0.5,9.801619672007137,5,13.0,0.5375376084961002,5,13.0
27875.0,1,3.0,0.13043478260869565,8.457294964382257,1,12.0,0.5172113272970096,1,12.0
27880.0,1,5.0,0.19230769230769232,10.29956249565292,1,5.0,0.6212641597931396,1,5.0
27885.0,1,2.0,0.08,10.045483238254038,1,2.0,0.5623517973321098,1,2.0
27890.0,5,15.0,0.6,8.657029731404561,4,15.0,0.553684903602282,4,15.0
27895.0,2,0.0,0.0,8.037044670400258,1,16.0,0.5374003777997043,1,16.0
27900.0,4,6.0,0.2222222222222222,9.115146628334369,3,6.0,0.587816702538017,3,6.0
27905.0,2,4.0,0.16,9.097276098522656,2,6.0,0.5582479850483827,2,6.0
27910.0,3,17.0,0.7391304347826086,10.337803774771332,3,17.0,0.6363465135779898,3,17.0
27915.0,0,0.0,0.0,9.494777551307092,0,9.0,0.5889813314662324,0,9.0
27920.0,1,0.0,0.0,11.167624377266318,1,0.0,0.7459486934751366,1,0.0
27925.0,3,5.0,0.25,10.181886881860601,3,5.0,0.5875227206859118,3,5.0
27930.0,4,17.0,0.8947368421052632,8.218228103423819,4,17.0,0.4889873012452112,4,17.0
27935.0,2,2.0,0.1,8.455857044826464,2,10.0,0.5357025406334301,2,10.0
27940.0,1,5.0,0.2631578947368421,8.820620760339944,1,8.0,0.4849751996373639,1,8.0
27945.0,0,0.0,0.0,8.391338028372324,0,1.0,0.48965812653503965,0,1.0
27950.0,4,10.0,0.6666666666666666,7.730970046408323,4,11.0,0.43604405721110817,4,11.0
27955.0,1,5.0,0.35714285714285715,7.545405578003432,1,16.0,0.5604257847979398,1,16.0
27960.0,0,0.0,0.0,9.987429716452734,0,0.0,0.6696142183543928,0,0.0
27965.0,0,0.0,0.0,10.718480984761305,0,0.0,0.6546598770301013,0,0.0
27970.0,4,12.0,0.8571428571428571,9.664882425562253,4,12.0,0.6135531973218006,4,12.0
27975.0,0,0.0,0.0,9.274161878235592,0,12.0,0.6656341109382824,0,12.0
27980.0,0,0.0,0.0,11.878696615923262,0,0.0,0.8235851741160048,0,0.0
27985.0,2,1.0,0.1111111111111111,7.798510730722814,2,1.0,0.3802829567228696,2,1.0
27990.0,4,14.0,1.5555555555555556,3.1737981731340006,4,14.0,0.09354390144210487,4,14.0
27995.0,4,14.0,1.2727272727272727,4.338821308922989,4,28.0,0.20371403241581054,4,28.0
28000.0,1,2.0,0.16666666666666666,9.14571631358996,1,13.0,0.5072012467160937,1,13.0
28005.0,1,1.0,0.09090909090909091,9.449186575192924,1,12.0,0.5423366573640545,1,12.0
28010.0,2,10.0,0.9090909090909091,9.064972388493977,2,21.0,0.6012909133624067,2,21.0
28015.0,1,0.0,0.0,9.437539381735377,1,13.0,0.700348946413121,1,13.0
28020.0,0,0.0,0.0,11.57325607180506,0,0.0,0.818193733499595,0,0.0
28025.0,0,0.0,0.0,13.210765198666603,0,0.0,0.8942907524967941,0,0.0
28030.0,1,0.0,0.0,11.29108235733797,1,0.0,0.7848414867473373,1,0.0
28035.0,2,1.0,0.07692307692307693,8.000667562215007,2,1.0,0.5125495840922788,2,1.0
28040.0,3,9.0,0.6,7.108664429241353,3,9.0,0.42812243402355643,3,9.0
28045.0,3,6.0,0.3157894736842105,6.717971723693222,3,16.0,0.3832983001414025,3,16.0
28050.0,4,6.0,0.2727272727272727,7.419716538375966,4,11.0,0.4185952913240582,4,11.0
28055.0,2,2.0,0.08695652173913043,8.468536476533988,2,10.0,0.49819182994774647,2,10.0
28060.0,4,13.0,0.52,9.577234886445614,4,18.0,0.5516809495264731,4,18.0
28065.0,4,5.0,0.20833333333333334,7.792600907056733,4,20.0,0.46109779192292455,4,20.0
28070.0,3,9.0,0.36,7.737337038424702,3,15.0,0.47003071056456597,3,15.0
28075.0,3,6.0,0.2222222222222222,6.850112730983228,3,15.0,0.4318535911269823,3,15.0
28080.0,6,28.0,0.9333333333333333,7.060453427731335,6,35.0,0.4254320390718993,6,35.0
28085.0,6,22.0,0.6875,7.429132977882922,6,45.0,0.4019777668353341,6,45.0
28090.0,6,17.0,0.5,7.685832340612236,6,40.0,0.38832482844122795,6,40.0
28095.0,2,3.0,0.08823529411764706,7.95164845469532,2,41.0,0.46412216206337514,2,41.0
28100.0,7,24.0,0.6666666666666666,8.724007987346775,7,53.0,0.46285097208526865,7,53.0
28105.0,5,15.0,0.42857142857142855,7.789641774194545,5,56.0,0.4008930371447118,5,56.0
28110.0,4,9.0,0.2571428571428571,8.928014883021735,4,30.0,0.5150457065746533,4,30.0
28115.0,4,24.0,0.7058823529411765,10.330660076530112,4,28.0,0.6034465696022475,4,28.0
28120.0,7,44.0,1.2941176470588236,9.78123363418149,5,39.0,0.5104405545313433,5,39.0
28125.0,5,69.0,2.4642857142857144,10.217742884643258,3,54.0,0.6476433958055327,3,54.0
28130.0,0,0.0,0.0,9.05135614284757,0,20.0,0.5983032683061336,0,20.0
28135.0,3,9.0,0.3333333333333333,8.929074314941285,2,8.0,0.5685762310579876,2,8.0
28140.0,2,0.0,0.0,8.359951395210787,2,2.0,0.519034308221149,2,2.0
28145.0,2,7.0,0.2916666666666667,9.644325777670204,2,7.0,0.6175392639362427,2,7.0
28150.0,2,2.0,0.08333333333333333,9.593084750372414,2,9.0,0.5651416808790698,2,9.0
28155.0,2,2.0,0.09523809523809523,8.522326408984625,2,2.0,0.5444009804279719,2,2.0
28160.0,1,2.0,0.08695652173913043,7.698503475349474,1,4.0,0.46121356437822636,1,4.0
28165.0,4,17.0,0.6538461538461539,8.441473790425645,4,17.0,0.42061152507807004,4,17.0
28170.0,3,7.0,0.2692307692307692,8.28393354777311,3,21.0,0.4080763661459419,3,21.0
28175.0,5,11.0,0.4230769230769231,7.85715810470457,5,22.0,0.3374544640117493,5,22.0
28180.0,5,31.0,1.24,6.690640058663175,5,37.0,0.2751884037126559,5,37.0
28185.0,10,71.0,3.0869565217391304,6.102380785228172,10,77.0,0.2956840921805739,10,77.0
28190.0,7,40.0,1.6666666666666667,6.892841004977456,7,76.0,0.37123628533668235,7,76.0
28195.0,6,70.0,2.6923076923076925,9.217064427953913,6,76.0,0.45598776200748214,6,76.0
28200.0,4,29.0,1.2083333333333333,6.9893569353836975,4,64.0,0.39688755995007563,4,64.0
28205.0,4,14.0,0.5833333333333334,7.55129491749382,4,32.0,0.4410817557763674,4,32.0
28210.0,2,2.0,0.07692307692307693,7.787062524223763,1,30.0,0.4857800244064134,1,30.0
28215.0,5,13.0,0.43333333333333335,9.23296631414031,3,28.0,0.4938625735991909,3,28.0
28220.0,1,0.0,0.0,8.796786252256037,0,10.0,0.4939497826317903,0,10.0
28225.0,5,13.0,0.40625,9.259549116376402,4,13.0,0.5101008832402646,4,13.0
28230.0,0,0.0,0.0,9.911354430787965,0,7.0,0.4838632281948718,0,7.0
28235.0,1,3.0,0.11538461538461539,10.64878036679849,1,3.0,0.49024170696123154,1,3.0
28240.0,3,17.0,0.68,10.49305736238347,3,17.0,0.4754742098931499,3,17.0
28245.0,0,0.0,0.0,9.03479663333462,0,9.0,0.5441933596381341,0,9.0
28250.0,2,7.0,0.3181818181818182,9.85303422804632,2,7.0,0.5217709328630975,2,7.0
28255.0,0,0.0,0.0,9.331022418804409,0,3.0,0.7088946897662612,0,3.0
28260.0,2,5.0,0.23809523809523808,10.015834401893796,2,5.0,0.6616473306260591,2,5.0
28265.0,3,12.0,0.6666666666666666,10.54558296348228,2,10.0,0.6804719872598302,2,10.0
28270.0,4,18.0,1.0,7.867073306036033,4,18.0,0.4700667795746485,4,18.0
28275.0,6,41.0,1.9523809523809523,8.240236666277383,6,41.0,0.45960835735598526,6,41.0
28280.0,1,25.0,1.1363636363636365,8.638323441871272,1,43.0,0.48065576983833486,1,43.0
28285.0,1,30.0,1.4285714285714286,10.69652763030797,1,30.0,0.6386419964280959,1,30.0
28290.0,1,1.0,0.047619047619047616,10.86820193426161,1,1.0,0.6314519403334644,1,1.0
28295.0,3,9.0,0.45,10.624048703058794,3,9.0,0.6027658781761528,3,9.0
28300.0,1,0.0,0.0,9.400465623541585,1,1.0,0.508128937716989,1,1.0
28305.0,4,7.0,0.3181818181818182,8.753172870381801,4,7.0,0.3149171388369298,4,7.0
28310.0,2,0.0,0.0,7.329017652117831,1,7.0,0.2606720236156969,1,7.0
28315.0,5,11.0,0.5789473684210527,6.376576024829994,5,11.0,0.2377047602181591,5,11.0
28320.0,3,1.0,0.047619047619047616,6.124806821725247,3,10.0,0.24089034298312456,3,10.0
28325.0,6,18.0,0.72,7.903557221306206,6,18.0,0.22099980157796906,6,18.0
28330.0,4,8.0,0.32,7.7093539951172065,4,22.0,0.17616699367860003,4,22.0
28335.0,5,14.0,0.5185185185185185,7.844558882247174,4,23.0,0.1672179390088993,4,23.0
28340.0,2,1.0,0.037037037037037035,8.033577846850761,2,11.0,0.23450603076021004,2,11.0
28345.0,6,20.0,0.7407407407407407,8.22721774225284,5,25.0,0.13982923538050074,5,25.0
28350.0,3,12.0,0.4444444444444444,7.880075853626111,3,29.0,0.08822878997164976,3,29.0
28355.0,2,5.0,0.20833333333333334,9.769929999877816,2,14.0,0.307174072047722,2,14.0
28360.0,1,1.0,0.041666666666666664,9.458396003085406,1,10.0,0.24532437769822577,1,10.0
28365.0,3,13.0,0.6190476190476191,10.200442554313184,3,22.0,0.36664676096267046,3,22.0
28370.0,1,0.0,0.0,9.989006202259464,1,18.0,0.34829524381742166,1,18.0
28375.0,3,2.0,0.09523809523809523,10.47144944317448,3,2.0,0.2116221538872706,3,2.0
28380.0,0,0.0,0.0,9.986365256269611,0,1.0,0.4627116140887864,0,1.0
28385.0,0,0.0,0.0,11.087765255864925,0,0.0,0.47723969017471923,0,0.0
28390.0,1,4.0,0.2222222222222222,10.022890892126421,1,4.0,0.2980828265356834,1,4.0
28395.0,4,16.0,0.8888888888888888,8.163960104243687,4,16.0,0.13677635016326886,4,16.0
28400.0,1,14.0,0.8235294117647058,7.438307566607438,1,16.0,0.26455742394157356,1,16.0
28405.0,1,19.0,1.0555555555555556,8.983481566645098,1,19.0,0.34170833021949587,1,19.0
28410.0,2,3.0,0.13636363636363635,7.778021943380676,2,3.0,0.21204948433454712,2,3.0
28415.0,5,18.0,0.8571428571428571,7.633387759372952,5,18.0,0.3119526523554103,5,18.0
28420.0,1,2.0,0.09523809523809523,7.037870376030619,1,16.0,0.28583482906866137,1,16.0
28425.0,3,10.0,0.45454545454545453,8.390042230723417,2,10.0,0.31990517752257547,2,10.0
28430.0,3,25.0,1.1363636363636365,9.655642424278007,3,25.0,0.2874084467291164,3,25.0
28435.0,0,0.0,0.0,9.509233258860291,0,8.0,0.491385999612949,0,8.0
28440.0,2,4.0,0.18181818181818182,9.807145144258875,2,4.0,0.21174792369244533,2,4.0
28445.0,1,0.0,0.0,9.458595268518813,1,1.0,0.35464599937752384,1,1.0
28450.0,3,9.0,0.3333333333333333,10.022648570325236,2,10.0,0.2620296527301932,2,10.0
28455.0,1,1.0,0.041666666666666664,10.552230115395302,1,4.0,0.39073910541571344,1,4.0
28460.0,2,8.0,0.38095238095238093,10.481482981287728,2,8.0,0.42630616861975557,2,8.0
28465.0,0,0.0,0.0,10.445472253676824,0,0.0,0.42702820341163283,0,0.0
28470.0,1,5.0,0.35714285714285715,10.959901022502867,1,5.0,0.21006849275124265,1,5.0
28475.0,0,0.0,0.0,12.68144523831675,0,0.0,0.6139467422094109,0,0.0
28480.0,0,0.0,0.0,13.01816358714542,0,0.0,0.22174590638186975,0,0.0
28485.0,1,0.0,0.0,10.33787932997852,1,0.0,0.33167466132602347,1,0.0
28490.0,1,0.0,0.0,8.309083341772494,1,0.0,0.2592260308902771,1,0.0
28495.0,0,0.0,0.0,9.556618336288949,0,0.0,0.48665888135386465,0,0.0
28500.0,2,6.0,0.6666666666666666,8.182488839102993,2,6.0,0.2693090184173473,2,6.0
28505.0,0,0.0,0.0,7.937637460988649,0,0.0,0.268068918128789,0,0.0
28510.0,3,6.0,0.5,7.7388891201369985,3,6.0,0.17662204732966943,3,6.0
28515.0,1,1.0,0.07692307692307693,7.694544402633953,1,7.0,0.30669590164637217,1,7.0
28520.0,0,0.0,0.0,10.806658358234204,0,1.0,0.42403665775014804,0,1.0
28525.0,1,1.0,0.06666666666666667,8.872235387450795,1,1.0,0.21458998663571144,1,1.0
28530.0,3,15.0,1.0,6.886748299088439,3,15.0,0.14039085591234024,3,15.0
28535.0,2,3.0,0.1875,6.648793588626223,2,14.0,0.1684538023677901,2,14.0
28540.0,1,0.0,0.0,9.393051538360037,1,0.0,0.2873300551632023,1,0.0
28545.0,0,0.0,0.0,11.625076797994634,0,0.0,0.49250582726781644,0,0.0
28550.0,1,0.0,0.0,9.403046236422414,1,0.0,0.3464592669739896,1,0.0
28555.0,3,4.0,0.2,9.379825132243893,3,4.0,0.3185489475564122,3,4.0
28560.0,0,0.0,0.0,9.469682724986624,0,7.0,0.34289465563047417,0,7.0
28565.0,1,1.0,0.045454545454545456,11.440794097895614,0,0.0,0.4226771095436114,0,0.0
28570.0,2,1.0,0.0625,9.425147218445804,2,1.0,0.2580389113221333,2,1.0
28575.0,3,10.0,0.8333333333333334,7.218575235769883,3,10.0,0.14967823958269694,3,10.0
28580.0,4,6.0,0.4,5.105807884120327,3,17.0,0.132208990750298,3,17.0
28585.0,1,0.0,0.0,9.041257919737294,0,4.0,0.39429684004194504,0,4.0
28590.0,2,2.0,0.125,7.484921895768821,2,6.0,0.14365163719843996,2,6.0
28595.0,7,30.0,2.0,4.499740924938445,7,34.0,0.0853300691998748,7,34.0
28600.0,1,3.0,0.17647058823529413,7.11597188165292,1,25.0,0.3101932670982305,1,25.0
28605.0,1,3.0,0.16666666666666666,9.09094043196956,0,0.0,0.3380836910220602,0,0.0
28610.0,3,1.0,0.05555555555555555,8.793005247292642,2,1.0,0.23317904891510216,2,1.0
28615.0,2,11.0,0.6470588235294118,9.581263097370757,2,11.0,0.3495407889507841,2,11.0
28620.0,1,0.0,0.0,9.143598713134262,1,10.0,0.3618084610070941,1,10.0
28625.0,0,0.0,0.0,11.89302040255403,0,0.0,0.6316241316949838,0,0.0
28630.0,0,0.0,0.0,9.604748822009803,0,0.0,0.4411976061421223,0,0.0
28635.0,2,4.0,0.25,9.768911054561674,2,5.0,0.4420110086520075,2,5.0
28640.0,0,0.0,0.0,8.632224885780774,0,3.0,0.37827027441265637,0,3.0
28645.0,3,11.0,0.5,9.019617650320606,3,13.0,0.3058075070537641,3,13.0
28650.0,2,0.0,0.0,7.844986239373174,2,4.0,0.24981933479778348,2,4.0
28655.0,4,5.0,0.23809523809523808,7.486985165111773,4,6.0,0.2552681962709219,4,6.0
28660.0,1,2.0,0.1,8.506437805370167,1,6.0,0.2991902806029963,1,6.0
28665.0,4,14.0,0.7368421052631579,9.180740147401288,4,14.0,0.2606933931483893,4,14.0
28670.0,1,0.0,0.0,9.112411138601209,1,14.0,0.1895286653530564,1,14.0
28675.0,2,5.0,0.29411764705882354,10.633025558299297,2,5.0,0.2743932863603642,2,5.0
28680.0,0,0.0,0.0,9.641086117875831,0,0.0,0.3417007875326263,0,0.0
28685.0,0,0.0,0.0,12.838504291667581,0,0.0,0.46818494144161077,0,0.0
28690.0,1,0.0,0.0,12.429068333398371,1,0.0,0.4712693790161525,1,0.0
28695.0,0,0.0,0.0,10.952076197862942,0,0.0,0.5344851980641534,0,0.0
28700.0,1,3.0,0.23076923076923078,9.079131839638967,1,3.0,0.5901946741309637,1,3.0
28705.0,2,11.0,0.7333333333333333,7.534465126500225,2,11.0,0.47143361379327847,2,11.0
28710.0,0,0.0,0.0,8.05932027263392,0,10.0,0.5236113992852226,0,10.0
28715.0,0,0.0,0.0,12.133776276426577,0,0.0,0.6812225072480795,0,0.0
28720.0,2,2.0,0.15384615384615385,8.189889891939675,1,2.0,0.5600327336309343,1,2.0
28725.0,4,12.0,0.75,7.330724088890263,3,12.0,0.40212036482045943,3,12.0
28730.0,3,1.0,0.05555555555555555,7.58683491123005,2,3.0,0.4173727919099327,2,3.0
28735.0,3,11.0,0.55,9.67423009692354,3,11.0,0.2527704161248144,3,11.0
28740.0,3,1.0,0.058823529411764705,8.198211584271561,2,6.0,0.3833394268696015,2,6.0
28745.0,3,12.0,0.8571428571428571,6.942873318745662,3,12.0,0.2402661419457333,3,12.0
28750.0,0,0.0,0.0,5.51223428301629,0,7.0,0.30853755242376496,0,7.0
28755.0,0,0.0,0.0,10.947622978571498,0,1.0,0.6008604509069355,0,1.0
28760.0,0,0.0,0.0,10.943371559785783,0,1.0,0.6746882159394657,0,1.0
28765.0,0,0.0,0.0,10.919739807564731,0,1.0,0.5665517610133848,0,1.0
28770.0,0,0.0,0.0,10.947430852117808,0,0.0,0.3239375305560988,0,0.0
28775.0,2,3.0,0.21428571428571427,8.697413394951862,2,3.0,0.2660778079064765,2,3.0
28780.0,2,0.0,0.0,6.201139205498357,2,3.0,0.2820751962902063,2,3.0
28785.0,3,6.0,0.35294117647058826,8.749374080344403,3,6.0,0.3591502917698313,3,6.0
28790.0,1,0.0,0.0,7.657658868657517,1,0.0,0.3277358785775895,1,0.0
28795.0,3,9.0,0.5625,8.287114871836028,3,11.0,0.23165717771204547,3,11.0
28800.0,4,5.0,0.3125,5.429128033376926,4,15.0,0.08685709546138308,4,15.0
28805.0,1,6.0,0.375,8.021166030704741,1,14.0,0.1714412505263332,1,14.0
28810.0,2,5.0,0.35714285714285715,8.02620215055475,2,13.0,0.08082062515664547,2,13.0
28815.0,5,26.0,2.3636363636363638,5.644756774030648,5,34.0,0.0029128759642681585,5,34.0
28820.0,3,20.0,2.2222222222222223,5.228451204293424,3,43.0,0.05423056517756105,3,43.0
28825.0,0,0.0,0.0,8.743772746321106,0,23.0,0.303270732204783,0,23.0
28830.0,0,0.0,0.0,14.039026858907244,0,0.0,1.0,0,0.0
28835.0,0,0.0,0.0,16.228298657303803,0,0.0,1.0,0,0.0
28840.0,0,0.0,0.0,0.0,0,0.0,1.0,0,0.0
28845.0,0,0.0,0.0,0.0,0,0.0,1.0,0,0.0
28850.0,0,0.0,0.0,0.0,0,0.0,1.0,0,0.0
28855.0,0,0.0,0.0,0.0,0,0.0,1.0,0,0.0
28860.0,0,0.0,0.0,0.0,0,0.0,1.0,0,0.0
28865.0,0,0.0,0.0,0.0,0,0.0,1.0,0,0.0
28870.0,0,0.0,0.0,0.0,0,0.0,1.0,0,0.0
28875.0,0,0.0,0.0,0.0,0,0.0,1.0,0,0.0
28880.0,0,0.0,0.0,0.0,0,0.0,1.0,0,0.0
28885.0,0,0.0,0.0,0.0,0,0.0,1.0,0,0.0
28890.0,0,0.0,0.0,0.0,0,0.0,1.0,0,0.0
28895.0,0,0.0,0.0,0.0,0,0.0,1.0,0,0.0
28900.0,0,0.0,0.0,0.0,0,0.0,1.0,0,0.0
28905.0,0,0.0,0.0,0.0,0,0.0,1.0,0,0.0
28910.0,0,0.0,0.0,0.0,0,0.0,1.0,0,0.0
28915.0,0,0.0,0.0,0.0,0,0.0,1.0,0,0.0
28920.0,0,0.0,0.0,0.0,0,0.0,1.0,0,0.0
28925.0,0,0.0,0.0,0.0,0,0.0,1.0,0,0.0
28930.0,0,0.0,0.0,0.0,0,0.0,1.0,0,0.0
28935.0,0,0.0,0.0,0.0,0,0.0,1.0,0,0.0
28940.0,0,0.0,0.0,0.0,0,0.0,1.0,0,0.0
28945.0,0,0.0,0.0,0.0,0,0.0,1.0,0,0.0
28950.0,0,0.0,0.0,0.0,0,0.0,1.0,0,0.0
28955.0,0,0.0,0.0,0.0,0,0.0,1.0,0,0.0
28960.0,0,0.0,0.0,0.0,0,0.0,1.0,0,0.0
28965.0,0,0.0,0.0,0.0,0,0.0,1.0,0,0.0
28970.0,0,0.0,0.0,0.0,0,0.0,1.0,0,0.0
28975.0,0,0.0,0.0,0.0,0,0.0,1.0,0,0.0
28980.0,0,0.0,0.0,0.0,0,0.0,1.0,0,0.0
28985.0,0,0.0,0.0,0.0,0,0.0,1.0,0,0.0
28990.0,0,0.0,0.0,0.0,0,0.0,1.0,0,0.0
28995.0,0,0.0,0.0,0.0,0,0.0,1.0,0,0.0
29000.0,0,0.0,0.0,0.0,0,0.0,1.0,0,0.0
29005.0,0,0.0,0.0,0.0,0,0.0,1.0,0,0.0
29010.0,0,0.0,0.0,0.0,0,0.0,1.0,0,0.0
29015.0,0,0.0,0.0,0.0,0,0.0,1.0,0,0.0
29020.0,0,0.0,0.0,0.0,0,0.0,1.0,0,0.0
29025.0,0,0.0,0.0,0.0,0,0.0,1.0,0,0.0
29030.0,0,0.0,0.0,0.0,0,0.0,1.0,0,0.0
29035.0,0,0.0,0.0,0.0,0,0.0,1.0,0,0.0
29040.0,0,0.0,0.0,0.0,0,0.0,1.0,0,0.0
29045.0,0,0.0,0.0,0.0,0,0.0,1.0,0,0.0
29050.0,0,0.0,0.0,0.0,0,0.0,1.0,0,0.0
29055.0,0,0.0,0.0,0.0,0,0.0,1.0,0,0.0
29060.0,0,0.0,0.0,0.0,0,0.0,1.0,0,0.0
29065.0,0,0.0,0.0,0.0,0,0.0,1.0,0,0.0
29070.0,0,0.0,0.0,0.0,0,0.0,1.0,0,0.0
29075.0,0,0.0,0.0,0.0,0,0.0,1.0,0,0.0
29080.0,0,0.0,0.0,0.0,0,0.0,1.0,0,0.0
29085.0,0,0.0,0.0,0.0,0,0.0,1.0,0,0.0
29090.0,0,0.0,0.0,0.0,0,0.0,1.0,0,0.0
29095.0,0,0.0,0.0,0.0,0,0.0,1.0,0,0.0
29100.0,0,0.0,0.0,0.0,0,0.0,1.0,0,0.0
29105.0,0,0.0,0.0,0.0,0,0.0,1.0,0,0.0
29110.0,0,0.0,0.0,0.0,0,0.0,1.0,0,0.0
29115.0,0,0.0,0.0,0.0,0,0.0,1.0,0,0.0
29120.0,0,0.0,0.0,0.0,0,0.0,1.0,0,0.0
29125.0,0,0.0,0.0,0.0,0,0.0,1.0,0,0.0
29130.0,0,0.0,0.0,0.0,0,0.0,1.0,0,0.0
29135.0,0,0.0,0.0,0.0,0,0.0,1.0,0,0.0
29140.0,0,0.0,0.0,0.0,0,0.0,1.0,0,0.0
29145.0,0,0.0,0.0,0.0,0,0.0,1.0,0,0.0
29150.0,0,0.0,0.0,0.0,0,0.0,1.0,0,0.0
29155.0,0,0.0,0.0,0.0,0,0.0,1.0,0,0.0
29160.0,0,0.0,0.0,0.0,0,0.0,1.0,0,0.0
29165.0,0,0.0,0.0,0.0,0,0.0,1.0,0,0.0
29170.0,0,0.0,0.0,0.0,0,0.0,1.0,0,0.0
29175.0,0,0.0,0.0,0.0,0,0.0,1.0,0,0.0
29180.0,0,0.0,0.0,0.0,0,0.0,1.0,0,0.0
29185.0,0,0.0,0.0,0.0,0,0.0,1.0,0,0.0
29190.0,0,0.0,0.0,0.0,0,0.0,1.0,0,0.0
29195.0,0,0.0,0.0,0.0,0,0.0,1.0,0,0.0
29200.0,0,0.0,0.0,0.0,0,0.0,1.0,0,0.0
29205.0,0,0.0,0.0,0.0,0,0.0,1.0,0,0.0
29210.0,0,0.0,0.0,0.0,0,0.0,1.0,0,0.0
29215.0,0,0.0,0.0,0.0,0,0.0,1.0,0,0.0
29220.0,0,0.0,0.0,0.0,0,0.0,1.0,0,0.0
29225.0,0,0.0,0.0,0.0,0,0.0,1.0,0,0.0
29230.0,0,0.0,0.0,0.0,0,0.0,1.0,0,0.0
29235.0,0,0.0,0.0,0.0,0,0.0,1.0,0,0.0
29240.0,0,0.0,0.0,0.0,0,0.0,1.0,0,0.0
29245.0,0,0.0,0.0,0.0,0,0.0,1.0,0,0.0
29250.0,0,0.0,0.0,0.0,0,0.0,1.0,0,0.0
29255.0,0,0.0,0.0,0.0,0,0.0,1.0,0,0.0
29260.0,0,0.0,0.0,0.0,0,0.0,1.0,0,0.0
29265.0,0,0.0,0.0,0.0,0,0.0,1.0,0,0.0
29270.0,0,0.0,0.0,0.0,0,0.0,1.0,0,0.0
29275.0,0,0.0,0.0,0.0,0,0.0,1.0,0,0.0
29280.0,0,0.0,0.0,0.0,0,0.0,1.0,0,0.0
29285.0,0,0.0,0.0,0.0,0,0.0,1.0,0,0.0
29290.0,0,0.0,0.0,0.0,0,0.0,1.0,0,0.0
29295.0,0,0.0,0.0,0.0,0,0.0,1.0,0,0.0
29300.0,0,0.0,0.0,0.0,0,0.0,1.0,0,0.0
29305.0,0,0.0,0.0,0.0,0,0.0,1.0,0,0.0
29310.0,0,0.0,0.0,0.0,0,0.0,1.0,0,0.0
29315.0,0,0.0,0.0,0.0,0,0.0,1.0,0,0.0
29320.0,0,0.0,0.0,0.0,0,0.0,1.0,0,0.0
29325.0,0,0.0,0.0,0.0,0,0.0,1.0,0,0.0
29330.0,0,0.0,0.0,0.0,0,0.0,1.0,0,0.0
29335.0,0,0.0,0.0,0.0,0,0.0,1.0,0,0.0
29340.0,0,0.0,0.0,0.0,0,0.0,1.0,0,0.0
29345.0,0,0.0,0.0,0.0,0,0.0,1.0,0,0.0
29350.0,0,0.0,0.0,0.0,0,0.0,1.0,0,0.0
29355.0,0,0.0,0.0,0.0,0,0.0,1.0,0,0.0
29360.0,0,0.0,0.0,0.0,0,0.0,1.0,0,0.0
29365.0,0,0.0,0.0,0.0,0,0.0,1.0,0,0.0
29370.0,0,0.0,0.0,0.0,0,0.0,1.0,0,0.0
29375.0,0,0.0,0.0,0.0,0,0.0,1.0,0,0.0
29380.0,0,0.0,0.0,0.0,0,0.0,1.0,0,0.0
29385.0,0,0.0,0.0,0.0,0,0.0,1.0,0,0.0
29390.0,0,0.0,0.0,0.0,0,0.0,1.0,0,0.0
29395.0,0,0.0,0.0,0.0,0,0.0,1.0,0,0.0
29400.0,0,0.0,0.0,0.0,0,0.0,1.0,0,0.0
29405.0,0,0.0,0.0,0.0,0,0.0,1.0,0,0.0
29410.0,0,0.0,0.0,0.0,0,0.0,1.0,0,0.0
29415.0,0,0.0,0.0,0.0,0,0.0,1.0,0,0.0
29420.0,0,0.0,0.0,0.0,0,0.0,1.0,0,0.0
29425.0,0,0.0,0.0,0.0,0,0.0,1.0,0,0.0
29430.0,0,0.0,0.0,0.0,0,0.0,1.0,0,0.0
29435.0,0,0.0,0.0,0.0,0,0.0,1.0,0,0.0
29440.0,0,0.0,0.0,0.0,0,0.0,1.0,0,0.0
29445.0,0,0.0,0.0,0.0,0,0.0,1.0,0,0.0
29450.0,0,0.0,0.0,0.0,0,0.0,1.0,0,0.0
29455.0,0,0.0,0.0,0.0,0,0.0,1.0,0,0.0
29460.0,0,0.0,0.0,0.0,0,0.0,1.0,0,0.0
29465.0,0,0.0,0.0,0.0,0,0.0,1.0,0,0.0
29470.0,0,0.0,0.0,0.0,0,0.0,1.0,0,0.0
29475.0,0,0.0,0.0,0.0,0,0.0,1.0,0,0.0
29480.0,0,0.0,0.0,0.0,0,0.0,1.0,0,0.0
29485.0,0,0.0,0.0,0.0,0,0.0,1.0,0,0.0
29490.0,0,0.0,0.0,0.0,0,0.0,1.0,0,0.0
29495.0,0,0.0,0.0,0.0,0,0.0,1.0,0,0.0
29500.0,0,0.0,0.0,0.0,0,0.0,1.0,0,0.0
29505.0,0,0.0,0.0,0.0,0,0.0,1.0,0,0.0
29510.0,0,0.0,0.0,0.0,0,0.0,1.0,0,0.0
29515.0,0,0.0,0.0,0.0,0,0.0,1.0,0,0.0
29520.0,0,0.0,0.0,0.0,0,0.0,1.0,0,0.0
29525.0,0,0.0,0.0,0.0,0,0.0,1.0,0,0.0
29530.0,0,0.0,0.0,0.0,0,0.0,1.0,0,0.0
29535.0,0,0.0,0.0,0.0,0,0.0,1.0,0,0.0
29540.0,0,0.0,0.0,0.0,0,0.0,1.0,0,0.0
29545.0,0,0.0,0.0,0.0,0,0.0,1.0,0,0.0
29550.0,0,0.0,0.0,0.0,0,0.0,1.0,0,0.0
29555.0,0,0.0,0.0,0.0,0,0.0,1.0,0,0.0
29560.0,0,0.0,0.0,0.0,0,0.0,1.0,0,0.0
29565.0,0,0.0,0.0,0.0,0,0.0,1.0,0,0.0
29570.0,0,0.0,0.0,0.0,0,0.0,1.0,0,0.0
29575.0,0,0.0,0.0,0.0,0,0.0,1.0,0,0.0
29580.0,0,0.0,0.0,0.0,0,0.0,1.0,0,0.0
29585.0,0,0.0,0.0,0.0,0,0.0,1.0,0,0.0
29590.0,0,0.0,0.0,0.0,0,0.0,1.0,0,0.0
29595.0,0,0.0,0.0,0.0,0,0.0,1.0,0,0.0
29600.0,0,0.0,0.0,0.0,0,0.0,1.0,0,0.0
29605.0,0,0.0,0.0,0.0,0,0.0,1.0,0,0.0
29610.0,0,0.0,0.0,0.0,0,0.0,1.0,0,0.0
29615.0,0,0.0,0.0,0.0,0,0.0,1.0,0,0.0
29620.0,0,0.0,0.0,0.0,0,0.0,1.0,0,0.0
29625.0,0,0.0,0.0,0.0,0,0.0,1.0,0,0.0
29630.0,0,0.0,0.0,0.0,0,0.0,1.0,0,0.0
29635.0,0,0.0,0.0,0.0,0,0.0,1.0,0,0.0
29640.0,0,0.0,0.0,0.0,0,0.0,1.0,0,0.0
29645.0,0,0.0,0.0,0.0,0,0.0,1.0,0,0.0
29650.0,0,0.0,0.0,0.0,0,0.0,1.0,0,0.0
29655.0,0,0.0,0.0,0.0,0,0.0,1.0,0,0.0
29660.0,0,0.0,0.0,0.0,0,0.0,1.0,0,0.0
29665.0,0,0.0,0.0,0.0,0,0.0,1.0,0,0.0
29670.0,0,0.0,0.0,0.0,0,0.0,1.0,0,0.0
29675.0,0,0.0,0.0,0.0,0,0.0,1.0,0,0.0
29680.0,0,0.0,0.0,0.0,0,0.0,1.0,0,0.0
29685.0,0,0.0,0.0,0.0,0,0.0,1.0,0,0.0
29690.0,0,0.0,0.0,0.0,0,0.0,1.0,0,0.0
29695.0,0,0.0,0.0,0.0,0,0.0,1.0,0,0.0
29700.0,0,0.0,0.0,0.0,0,0.0,1.0,0,0.0
29705.0,0,0.0,0.0,0.0,0,0.0,1.0,0,0.0
29710.0,0,0.0,0.0,0.0,0,0.0,1.0,0,0.0
29715.0,0,0.0,0.0,0.0,0,0.0,1.0,0,0.0
29720.0,0,0.0,0.0,0.0,0,0.0,1.0,0,0.0
29725.0,0,0.0,0.0,0.0,0,0.0,1.0,0,0.0
29730.0,0,0.0,0.0,0.0,0,0.0,1.0,0,0.0
29735.0,0,0.0,0.0,0.0,0,0.0,1.0,0,0.0
29740.0,0,0.0,0.0,0.0,0,0.0,1.0,0,0.0
29745.0,0,0.0,0.0,0.0,0,0.0,1.0,0,0.0
29750.0,0,0.0,0.0,0.0,0,0.0,1.0,0,0.0
29755.0,0,0.0,0.0,0.0,0,0.0,1.0,0,0.0
29760.0,0,0.0,0.0,0.0,0,0.0,1.0,0,0.0
29765.0,0,0.0,0.0,0.0,0,0.0,1.0,0,0.0
29770.0,0,0.0,0.0,0.0,0,0.0,1.0,0,0.0
29775.0,0,0.0,0.0,0.0,0,0.0,1.0,0,0.0
29780.0,0,0.0,0.0,0.0,0,0.0,1.0,0,0.0
29785.0,0,0.0,0.0,0.0,0,0.0,1.0,0,0.0
29790.0,0,0.0,0.0,0.0,0,0.0,1.0,0,0.0
29795.0,0,0.0,0.0,0.0,0,0.0,1.0,0,0.0
29800.0,0,0.0,0.0,0.0,0,0.0,1.0,0,0.0
29805.0,0,0.0,0.0,0.0,0,0.0,1.0,0,0.0
29810.0,0,0.0,0.0,0.0,0,0.0,1.0,0,0.0
29815.0,0,0.0,0.0,0.0,0,0.0,1.0,0,0.0
29820.0,0,0.0,0.0,0.0,0,0.0,1.0,0,0.0
29825.0,0,0.0,0.0,0.0,0,0.0,1.0,0,0.0
29830.0,0,0.0,0.0,0.0,0,0.0,1.0,0,0.0
29835.0,0,0.0,0.0,0.0,0,0.0,1.0,0,0.0
29840.0,0,0.0,0.0,0.0,0,0.0,1.0,0,0.0
29845.0,0,0.0,0.0,0.0,0,0.0,1.0,0,0.0
29850.0,0,0.0,0.0,0.0,0,0.0,1.0,0,0.0
29855.0,0,0.0,0.0,0.0,0,0.0,1.0,0,0.0
29860.0,0,0.0,0.0,0.0,0,0.0,1.0,0,0.0
29865.0,0,0.0,0.0,0.0,0,0.0,1.0,0,0.0
29870.0,0,0.0,0.0,0.0,0,0.0,1.0,0,0.0
29875.0,0,0.0,0.0,0.0,0,0.0,1.0,0,0.0
29880.0,0,0.0,0.0,0.0,0,0.0,1.0,0,0.0
29885.0,0,0.0,0.0,0.0,0,0.0,1.0,0,0.0
29890.0,0,0.0,0.0,0.0,0,0.0,1.0,0,0.0
29895.0,0,0.0,0.0,0.0,0,0.0,1.0,0,0.0
29900.0,0,0.0,0.0,0.0,0,0.0,1.0,0,0.0
29905.0,0,0.0,0.0,0.0,0,0.0,1.0,0,0.0
29910.0,0,0.0,0.0,0.0,0,0.0,1.0,0,0.0
29915.0,0,0.0,0.0,0.0,0,0.0,1.0,0,0.0
29920.0,0,0.0,0.0,0.0,0,0.0,1.0,0,0.0
29925.0,0,0.0,0.0,0.0,0,0.0,1.0,0,0.0
29930.0,0,0.0,0.0,0.0,0,0.0,1.0,0,0.0
29935.0,0,0.0,0.0,0.0,0,0.0,1.0,0,0.0
29940.0,0,0.0,0.0,0.0,0,0.0,1.0,0,0.0
29945.0,0,0.0,0.0,0.0,0,0.0,1.0,0,0.0
29950.0,0,0.0,0.0,0.0,0,0.0,1.0,0,0.0
29955.0,0,0.0,0.0,0.0,0,0.0,1.0,0,0.0
29960.0,0,0.0,0.0,0.0,0,0.0,1.0,0,0.0
29965.0,0,0.0,0.0,0.0,0,0.0,1.0,0,0.0
29970.0,0,0.0,0.0,0.0,0,0.0,1.0,0,0.0
29975.0,0,0.0,0.0,0.0,0,0.0,1.0,0,0.0
29980.0,0,0.0,0.0,0.0,0,0.0,1.0,0,0.0
29985.0,0,0.0,0.0,0.0,0,0.0,1.0,0,0.0
29990.0,0,0.0,0.0,0.0,0,0.0,1.0,0,0.0
29995.0,0,0.0,0.0,0.0,0,0.0,1.0,0,0.0
30000.0,0,0.0,0.0,0.0,0,0.0,1.0,0,0.0
30005.0,0,0.0,0.0,0.0,0,0.0,1.0,0,0.0
30010.0,0,0.0,0.0,0.0,0,0.0,1.0,0,0.0
30015.0,0,0.0,0.0,0.0,0,0.0,1.0,0,0.0
30020.0,0,0.0,0.0,0.0,0,0.0,1.0,0,0.0
30025.0,0,0.0,0.0,0.0,0,0.0,1.0,0,0.0
30030.0,0,0.0,0.0,0.0,0,0.0,1.0,0,0.0
30035.0,0,0.0,0.0,0.0,0,0.0,1.0,0,0.0
30040.0,0,0.0,0.0,0.0,0,0.0,1.0,0,0.0
30045.0,0,0.0,0.0,0.0,0,0.0,1.0,0,0.0
30050.0,0,0.0,0.0,0.0,0,0.0,1.0,0,0.0
30055.0,0,0.0,0.0,0.0,0,0.0,1.0,0,0.0
30060.0,0,0.0,0.0,0.0,0,0.0,1.0,0,0.0
30065.0,0,0.0,0.0,0.0,0,0.0,1.0,0,0.0
30070.0,0,0.0,0.0,0.0,0,0.0,1.0,0,0.0
30075.0,0,0.0,0.0,0.0,0,0.0,1.0,0,0.0
30080.0,0,0.0,0.0,0.0,0,0.0,1.0,0,0.0
30085.0,0,0.0,0.0,0.0,0,0.0,1.0,0,0.0
30090.0,0,0.0,0.0,0.0,0,0.0,1.0,0,0.0
30095.0,0,0.0,0.0,0.0,0,0.0,1.0,0,0.0
30100.0,0,0.0,0.0,0.0,0,0.0,1.0,0,0.0
30105.0,0,0.0,0.0,0.0,0,0.0,1.0,0,0.0
30110.0,0,0.0,0.0,0.0,0,0.0,1.0,0,0.0
30115.0,0,0.0,0.0,0.0,0,0.0,1.0,0,0.0
30120.0,0,0.0,0.0,0.0,0,0.0,1.0,0,0.0
30125.0,0,0.0,0.0,0.0,0,0.0,1.0,0,0.0
30130.0,0,0.0,0.0,0.0,0,0.0,1.0,0,0.0
30135.0,0,0.0,0.0,0.0,0,0.0,1.0,0,0.0
30140.0,0,0.0,0.0,0.0,0,0.0,1.0,0,0.0
30145.0,0,0.0,0.0,0.0,0,0.0,1.0,0,0.0
30150.0,0,0.0,0.0,0.0,0,0.0,1.0,0,0.0
30155.0,0,0.0,0.0,0.0,0,0.0,1.0,0,0.0
30160.0,0,0.0,0.0,0.0,0,0.0,1.0,0,0.0
30165.0,0,0.0,0.0,0.0,0,0.0,1.0,0,0.0
30170.0,0,0.0,0.0,0.0,0,0.0,1.0,0,0.0
30175.0,0,0.0,0.0,0.0,0,0.0,1.0,0,0.0
30180.0,0,0.0,0.0,0.0,0,0.0,1.0,0,0.0
30185.0,0,0.0,0.0,0.0,0,0.0,1.0,0,0.0
30190.0,0,0.0,0.0,0.0,0,0.0,1.0,0,0.0
30195.0,0,0.0,0.0,0.0,0,0.0,1.0,0,0.0
30200.0,0,0.0,0.0,0.0,0,0.0,1.0,0,0.0
30205.0,0,0.0,0.0,0.0,0,0.0,1.0,0,0.0
30210.0,0,0.0,0.0,0.0,0,0.0,1.0,0,0.0
30215.0,0,0.0,0.0,0.0,0,0.0,1.0,0,0.0
30220.0,0,0.0,0.0,0.0,0,0.0,1.0,0,0.0
30225.0,0,0.0,0.0,0.0,0,0.0,1.0,0,0.0
30230.0,0,0.0,0.0,0.0,0,0.0,1.0,0,0.0
30235.0,0,0.0,0.0,0.0,0,0.0,1.0,0,0.0
30240.0,0,0.0,0.0,0.0,0,0.0,1.0,0,0.0
30245.0,0,0.0,0.0,0.0,0,0.0,1.0,0,0.0
30250.0,0,0.0,0.0,0.0,0,0.0,1.0,0,0.0
30255.0,0,0.0,0.0,0.0,0,0.0,1.0,0,0.0
30260.0,0,0.0,0.0,0.0,0,0.0,1.0,0,0.0
30265.0,0,0.0,0.0,0.0,0,0.0,1.0,0,0.0
30270.0,0,0.0,0.0,0.0,0,0.0,1.0,0,0.0
30275.0,0,0.0,0.0,0.0,0,0.0,1.0,0,0.0
30280.0,0,0.0,0.0,0.0,0,0.0,1.0,0,0.0
30285.0,0,0.0,0.0,0.0,0,0.0,1.0,0,0.0
30290.0,0,0.0,0.0,0.0,0,0.0,1.0,0,0.0
30295.0,0,0.0,0.0,0.0,0,0.0,1.0,0,0.0
30300.0,0,0.0,0.0,0.0,0,0.0,1.0,0,0.0
30305.0,0,0.0,0.0,0.0,0,0.0,1.0,0,0.0
30310.0,0,0.0,0.0,0.0,0,0.0,1.0,0,0.0
30315.0,0,0.0,0.0,0.0,0,0.0,1.0,0,0.0
30320.0,0,0.0,0.0,0.0,0,0.0,1.0,0,0.0
30325.0,0,0.0,0.0,0.0,0,0.0,1.0,0,0.0
30330.0,0,0.0,0.0,0.0,0,0.0,1.0,0,0.0
30335.0,0,0.0,0.0,0.0,0,0.0,1.0,0,0.0
30340.0,0,0.0,0.0,0.0,0,0.0,1.0,0,0.0
30345.0,0,0.0,0.0,0.0,0,0.0,1.0,0,0.0
30350.0,0,0.0,0.0,0.0,0,0.0,1.0,0,0.0
30355.0,0,0.0,0.0,0.0,0,0.0,1.0,0,0.0
30360.0,0,0.0,0.0,0.0,0,0.0,1.0,0,0.0
30365.0,0,0.0,0.0,0.0,0,0.0,1.0,0,0.0
30370.0,0,0.0,0.0,0.0,0,0.0,1.0,0,0.0
30375.0,0,0.0,0.0,0.0,0,0.0,1.0,0,0.0
30380.0,0,0.0,0.0,0.0,0,0.0,1.0,0,0.0
30385.0,0,0.0,0.0,0.0,0,0.0,1.0,0,0.0
30390.0,0,0.0,0.0,0.0,0,0.0,1.0,0,0.0
30395.0,0,0.0,0.0,0.0,0,0.0,1.0,0,0.0
30400.0,0,0.0,0.0,0.0,0,0.0,1.0,0,0.0
30405.0,0,0.0,0.0,0.0,0,0.0,1.0,0,0.0
30410.0,0,0.0,0.0,0.0,0,0.0,1.0,0,0.0
30415.0,0,0.0,0.0,0.0,0,0.0,1.0,0,0.0
30420.0,0,0.0,0.0,0.0,0,0.0,1.0,0,0.0
30425.0,0,0.0,0.0,0.0,0,0.0,1.0,0,0.0
30430.0,0,0.0,0.0,0.0,0,0.0,1.0,0,0.0
30435.0,0,0.0,0.0,0.0,0,0.0,1.0,0,0.0
30440.0,0,0.0,0.0,0.0,0,0.0,1.0,0,0.0
30445.0,0,0.0,0.0,0.0,0,0.0,1.0,0,0.0
30450.0,0,0.0,0.0,0.0,0,0.0,1.0,0,0.0
30455.0,0,0.0,0.0,0.0,0,0.0,1.0,0,0.0
30460.0,0,0.0,0.0,0.0,0,0.0,1.0,0,0.0
30465.0,0,0.0,0.0,0.0,0,0.0,1.0,0,0.0
30470.0,0,0.0,0.0,0.0,0,0.0,1.0,0,0.0
30475.0,0,0.0,0.0,0.0,0,0.0,1.0,0,0.0
30480.0,0,0.0,0.0,0.0,0,0.0,1.0,0,0.0
30485.0,0,0.0,0.0,0.0,0,0.0,1.0,0,0.0
30490.0,0,0.0,0.0,0.0,0,0.0,1.0,0,0.0
30495.0,0,0.0,0.0,0.0,0,0.0,1.0,0,0.0
30500.0,0,0.0,0.0,0.0,0,0.0,1.0,0,0.0
30505.0,0,0.0,0.0,0.0,0,0.0,1.0,0,0.0
30510.0,0,0.0,0.0,0.0,0,0.0,1.0,0,0.0
30515.0,0,0.0,0.0,0.0,0,0.0,1.0,0,0.0
30520.0,0,0.0,0.0,0.0,0,0.0,1.0,0,0.0
30525.0,0,0.0,0.0,0.0,0,0.0,1.0,0,0.0
30530.0,0,0.0,0.0,0.0,0,0.0,1.0,0,0.0
30535.0,0,0.0,0.0,0.0,0,0.0,1.0,0,0.0
30540.0,0,0.0,0.0,0.0,0,0.0,1.0,0,0.0
30545.0,0,0.0,0.0,0.0,0,0.0,1.0,0,0.0
30550.0,0,0.0,0.0,0.0,0,0.0,1.0,0,0.0
30555.0,0,0.0,0.0,0.0,0,0.0,1.0,0,0.0
30560.0,0,0.0,0.0,0.0,0,0.0,1.0,0,0.0
30565.0,0,0.0,0.0,0.0,0,0.0,1.0,0,0.0
30570.0,0,0.0,0.0,0.0,0,0.0,1.0,0,0.0
30575.0,0,0.0,0.0,0.0,0,0.0,1.0,0,0.0
30580.0,0,0.0,0.0,0.0,0,0.0,1.0,0,0.0
30585.0,0,0.0,0.0,0.0,0,0.0,1.0,0,0.0
30590.0,0,0.0,0.0,0.0,0,0.0,1.0,0,0.0
30595.0,0,0.0,0.0,0.0,0,0.0,1.0,0,0.0
30600.0,0,0.0,0.0,0.0,0,0.0,1.0,0,0.0
