step,system_total_stopped,system_total_waiting_time,system_mean_waiting_time,system_mean_speed,GS_cluster_357187_359543_stopped,GS_cluster_357187_359543_accumulated_waiting_time,GS_cluster_357187_359543_average_speed,agents_total_stopped,agents_total_accumulated_waiting_time
25200.0,0,0.0,0.0,0.0,0,0.0,1.0,0,0.0
25205.0,0,0.0,0.0,0.0,0,0.0,1.0,0,0.0
25210.0,0,0.0,0.0,6.1772345208795745,0,0.0,0.5470058370484405,0,0.0
25215.0,0,0.0,0.0,8.756500892408125,0,0.0,0.3896437055823872,0,0.0
25220.0,0,0.0,0.0,8.754259850044072,0,0.0,0.1697274015006197,0,0.0
25225.0,1,0.0,0.0,9.504056090919656,1,0.0,0.5098480205265754,1,0.0
25230.0,1,3.0,0.5,7.832482472704402,1,3.0,0.5388704411240576,1,3.0
25235.0,0,0.0,0.0,7.765063237023474,0,3.0,0.5563653645937451,0,3.0
25240.0,1,4.0,0.5,10.17949125828224,1,4.0,0.716999535566419,1,4.0
25245.0,1,9.0,1.0,10.841815424662094,1,9.0,0.6372654625834848,1,9.0
25250.0,1,2.0,0.2,8.978026826476732,1,2.0,0.5081016257423945,1,2.0
25255.0,4,12.0,1.0,7.827309393324541,2,8.0,0.3358536978780609,2,8.0
25260.0,1,0.0,0.0,8.342182373034229,1,2.0,0.4498959576926778,1,2.0
25265.0,3,5.0,0.4166666666666667,8.341930019408595,3,5.0,0.322674321744229,3,5.0
25270.0,0,0.0,0.0,6.788930857744075,0,3.0,0.3167914289699464,0,3.0
25275.0,0,0.0,0.0,10.30614071068936,0,0.0,0.4902052694014276,0,0.0
25280.0,1,0.0,0.0,9.164179254275622,1,0.0,0.4359994827323108,1,0.0
25285.0,5,6.0,0.42857142857142855,6.272902025548572,4,6.0,0.44629230726557745,4,6.0
25290.0,2,0.0,0.0,8.009551773296263,2,2.0,0.5384899613956526,2,2.0
25295.0,2,0.0,0.0,10.129644767331431,2,0.0,0.5931516602277904,2,0.0
25300.0,1,1.0,0.05263157894736842,11.51506182824499,1,1.0,0.6745666416911111,1,1.0
25305.0,1,0.0,0.0,9.285345535947183,1,0.0,0.6607537617118646,1,0.0
25310.0,3,5.0,0.21739130434782608,8.352324895389653,3,5.0,0.5218931430057465,3,5.0
25315.0,1,0.0,0.0,9.703319640789848,1,2.0,0.5989360348760201,1,2.0
25320.0,3,4.0,0.18181818181818182,10.124993112933796,3,4.0,0.5826604424308712,3,4.0
25325.0,2,0.0,0.0,8.48259988139931,1,2.0,0.4933993473701191,1,2.0
25330.0,2,9.0,0.45,9.106310344387783,2,10.0,0.4885029367474087,2,10.0
25335.0,1,0.0,0.0,8.123231958221591,1,4.0,0.4644863268296417,1,4.0
25340.0,4,7.0,0.3181818181818182,8.921758225280016,3,4.0,0.5394376337770759,3,4.0
25345.0,2,1.0,0.05263157894736842,9.993578947330363,2,1.0,0.5749302914737598,2,1.0
25350.0,3,11.0,0.55,8.838117425748921,3,11.0,0.4537364042886696,3,11.0
25355.0,1,0.0,0.0,8.717454142882268,1,6.0,0.5612454827882133,1,6.0
25360.0,3,4.0,0.18181818181818182,9.157261959269816,2,0.0,0.5876262947976251,2,0.0
25365.0,2,0.0,0.0,8.802532368539133,2,0.0,0.5243631614223329,2,0.0
25370.0,4,11.0,0.5,8.827453672969988,4,11.0,0.49386669980691167,4,11.0
25375.0,1,0.0,0.0,7.485059252451919,1,2.0,0.523375725372896,1,2.0
25380.0,2,4.0,0.16,8.897577745555784,2,4.0,0.5523958954275042,2,4.0
25385.0,2,0.0,0.0,9.39430453248906,2,3.0,0.6189098577852943,2,3.0
25390.0,4,8.0,0.32,9.240531715346851,4,8.0,0.5491911645234877,4,8.0
25395.0,0,0.0,0.0,8.418518395552816,0,6.0,0.5656069653936083,0,6.0
25400.0,2,6.0,0.23076923076923078,8.825553874118485,2,6.0,0.5634707460113075,2,6.0
25405.0,4,21.0,0.84,9.108521582350033,4,21.0,0.5649011307061143,4,21.0
25410.0,2,1.0,0.041666666666666664,8.34588241827228,2,17.0,0.5599868044883698,2,17.0
25415.0,4,10.0,0.38461538461538464,9.139131948680262,3,11.0,0.625390747525778,3,11.0
25420.0,4,24.0,0.96,9.394457950467144,4,25.0,0.5796919694544087,4,25.0
25425.0,1,5.0,0.20833333333333334,8.778965543202487,1,26.0,0.5596578932617317,1,26.0
25430.0,5,13.0,0.5,9.242747126632365,5,19.0,0.5330593394083314,5,19.0
25435.0,1,1.0,0.037037037037037035,9.453841685276432,1,13.0,0.6265986455324065,1,13.0
25440.0,4,12.0,0.46153846153846156,9.240503660901636,3,12.0,0.58779177193054,3,12.0
25445.0,2,4.0,0.17391304347826086,8.677287903554435,2,19.0,0.5177413768903634,2,19.0
25450.0,4,20.0,0.8695652173913043,9.413430534282998,4,21.0,0.5157287003166118,4,21.0
25455.0,2,4.0,0.21052631578947367,9.265469746251393,2,17.0,0.6014731533856231,2,17.0
25460.0,1,0.0,0.0,10.949801401573577,1,0.0,0.7357825041618568,1,0.0
25465.0,0,0.0,0.0,12.463194747926341,0,0.0,0.8568611450388584,0,0.0
25470.0,2,1.0,0.058823529411764705,8.502583349452197,1,2.0,0.6228244044622863,1,2.0
25475.0,3,13.0,0.6190476190476191,8.248180954629186,3,14.0,0.5150288962852807,3,14.0
25480.0,2,0.0,0.0,8.697029824250846,2,11.0,0.5314144217396781,2,11.0
25485.0,4,5.0,0.18518518518518517,9.972771643944382,4,6.0,0.5946547429090248,4,6.0
25490.0,3,1.0,0.03571428571428571,9.595565198688414,3,2.0,0.5689850888398044,3,2.0
25495.0,3,10.0,0.3125,9.055922680391365,3,13.0,0.5791527717606672,3,13.0
25500.0,1,0.0,0.0,8.706705668144805,1,11.0,0.5161950299350588,1,11.0
25505.0,6,14.0,0.3783783783783784,9.009425702997868,6,14.0,0.4939860336747571,6,14.0
25510.0,1,3.0,0.08571428571428572,9.424339707967533,1,14.0,0.5527676648201305,1,14.0
25515.0,5,14.0,0.3684210526315789,8.533516752541042,3,13.0,0.5649606169779975,3,13.0
25520.0,4,10.0,0.2564102564102564,8.729515321623156,1,4.0,0.5660556744616664,1,4.0
25525.0,5,19.0,0.5135135135135135,8.982123519813182,3,18.0,0.547537666749966,3,18.0
25530.0,1,1.0,0.029411764705882353,8.695712840557672,1,22.0,0.5420742169731477,1,22.0
25535.0,3,10.0,0.2777777777777778,9.843739243478787,3,11.0,0.5502915251888872,3,11.0
25540.0,6,31.0,0.9117647058823529,8.978739915608886,6,32.0,0.500043507634367,6,32.0
25545.0,3,4.0,0.11764705882352941,8.246072464505625,3,26.0,0.480924029780936,3,26.0
25550.0,4,13.0,0.3611111111111111,9.38519900569472,4,13.0,0.5132896970323916,4,13.0
25555.0,2,3.0,0.08823529411764706,9.162332821425363,2,5.0,0.5609073381226848,2,5.0
25560.0,5,23.0,0.7419354838709677,8.60365924450853,5,23.0,0.5297667637254019,5,23.0
25565.0,3,3.0,0.10344827586206896,7.311749179726885,3,17.0,0.462709808368007,3,17.0
25570.0,3,15.0,0.5,9.157190105003645,3,15.0,0.6336461953878453,3,15.0
25575.0,5,4.0,0.13793103448275862,7.2581494270896325,4,19.0,0.42741712610332083,4,19.0
25580.0,7,30.0,1.0344827586206897,7.470871520209032,6,31.0,0.4237694604992712,6,31.0
25585.0,3,7.0,0.22580645161290322,7.24708310645785,3,35.0,0.4192652126429277,3,35.0
25590.0,4,20.0,0.5714285714285714,8.058558910304782,3,19.0,0.36006054602993737,3,19.0
25595.0,4,14.0,0.4117647058823529,7.618811535081045,4,31.0,0.343391616682123,4,31.0
25600.0,7,29.0,0.8787878787878788,7.201509361132294,5,37.0,0.27633886514498324,5,37.0
25605.0,1,1.0,0.029411764705882353,7.684949495817273,1,39.0,0.3232155797370952,1,39.0
25610.0,6,15.0,0.42857142857142855,6.722053360140557,5,31.0,0.36833627911368677,5,31.0
25615.0,11,28.0,0.7777777777777778,5.28236171163201,9,52.0,0.3057768964631406,9,52.0
25620.0,9,40.0,1.0,5.579088381219799,4,63.0,0.3542176879568862,4,63.0
25625.0,11,48.0,1.0909090909090908,6.138058107793722,5,32.0,0.3406634956946675,5,32.0
25630.0,9,37.0,0.7872340425531915,7.190149713436514,6,74.0,0.3691989353306664,6,74.0
25635.0,8,18.0,0.3829787234042553,6.869394941301991,8,97.0,0.395375415575919,8,97.0
25640.0,12,23.0,0.4339622641509434,6.381189753119963,8,87.0,0.3808640325539645,8,87.0
25645.0,13,37.0,0.74,6.1787633702835345,10,116.0,0.369738256646987,10,116.0
25650.0,18,83.0,1.5961538461538463,5.62464989837117,11,160.0,0.327874548622471,11,160.0
25655.0,15,87.0,1.6111111111111112,5.319847646636251,7,189.0,0.28717342770287424,7,189.0
25660.0,21,96.0,1.8461538461538463,4.209400167336255,12,137.0,0.2327157671405938,12,137.0
25665.0,26,201.0,3.8653846153846154,3.3273725665974627,15,154.0,0.14540216914795828,15,154.0
25670.0,23,195.0,3.3620689655172415,3.8375649564291328,10,158.0,0.2099291332592469,10,158.0
25675.0,20,250.0,4.098360655737705,5.798019338694341,5,126.0,0.35421258528008676,5,126.0
25680.0,22,327.0,5.45,5.6290974753856196,7,130.0,0.3338440149775277,7,130.0
25685.0,25,421.0,7.016666666666667,4.880351361943877,9,128.0,0.2693593920191799,9,128.0
25690.0,17,374.0,6.448275862068965,5.080777339675126,6,113.0,0.2932588170499657,6,113.0
25695.0,21,413.0,7.245614035087719,5.909086729770135,10,144.0,0.27366919710021137,10,144.0
25700.0,28,508.0,9.236363636363636,4.61588475882366,13,183.0,0.15692742548678032,13,183.0
25705.0,28,586.0,10.851851851851851,4.858131143566068,13,174.0,0.24539812311539222,13,174.0
25710.0,23,652.0,11.241379310344827,4.378595925068675,7,169.0,0.22663524611879085,7,169.0
25715.0,25,713.0,12.508771929824562,5.651735906695745,8,166.0,0.2552166801943727,8,166.0
25720.0,23,799.0,15.075471698113208,5.036705773746359,7,191.0,0.23311328702262543,7,191.0
25725.0,22,855.0,15.833333333333334,5.035766711019071,5,147.0,0.2638320787562152,5,147.0
25730.0,13,429.0,8.25,5.448231168724083,5,316.0,0.29382905289272443,5,316.0
25735.0,16,182.0,3.4339622641509435,5.906662020889435,11,473.0,0.2574386028266765,11,473.0
25740.0,17,59.0,1.1568627450980393,5.5548107074614,12,470.0,0.27316169217841485,12,470.0
25745.0,13,53.0,1.0192307692307692,5.8335868487835985,9,341.0,0.2866056309985052,9,341.0
25750.0,9,31.0,0.6078431372549019,5.7818383035020835,2,326.0,0.2827887172647085,2,326.0
25755.0,12,45.0,0.9,5.742294540253551,7,371.0,0.24391846698443134,7,371.0
25760.0,8,19.0,0.3877551020408163,6.454547698648585,7,549.0,0.28988114270246146,7,549.0
25765.0,12,53.0,1.127659574468085,6.3107040924157705,10,683.0,0.2115027574399634,10,683.0
25770.0,14,93.0,2.1136363636363638,5.648298158861625,10,475.0,0.22241141936850659,10,475.0
25775.0,21,177.0,4.214285714285714,4.806591503837657,13,363.0,0.20560408584586862,13,363.0
25780.0,15,128.0,3.1219512195121952,4.777363761533149,12,488.0,0.1758603538944307,12,488.0
25785.0,10,43.0,1.1025641025641026,4.620329186094677,10,649.0,0.11329941056736884,10,649.0
25790.0,13,58.0,1.6111111111111112,5.2931089009191385,12,708.0,0.1116737566823563,12,708.0
25795.0,5,19.0,0.59375,4.183288030581768,4,724.0,0.1228135463646832,4,724.0
25800.0,10,27.0,0.7941176470588235,4.248870012704112,9,576.0,0.07264124858939984,9,576.0
25805.0,10,27.0,0.75,5.011951452405147,9,577.0,0.07045073749956651,9,577.0
25810.0,6,25.0,0.7142857142857143,6.3410901399190776,6,607.0,0.14796795978772043,6,607.0
25815.0,5,18.0,0.5294117647058824,7.356345242440254,5,516.0,0.191650247928052,5,516.0
25820.0,6,25.0,0.8620689655172413,6.934198978525983,6,207.0,0.09725789976596837,6,207.0
25825.0,7,22.0,0.8461538461538461,6.28571361453147,6,220.0,0.1486223572159953,6,220.0
25830.0,4,20.0,0.7692307692307693,8.357582789472358,3,199.0,0.31238833766516155,3,199.0
25835.0,3,6.0,0.24,7.975551177978673,3,105.0,0.20574161281071926,3,105.0
25840.0,7,33.0,1.65,7.084119514254544,7,48.0,0.04496448326453435,7,48.0
25845.0,1,5.0,0.35714285714285715,6.763944120584554,1,41.0,0.14374843329142625,1,41.0
25850.0,0,0.0,0.0,11.827872447082663,0,0.0,1.0,0,0.0
25855.0,0,0.0,0.0,12.213420503468418,0,0.0,1.0,0,0.0
25860.0,1,0.0,0.0,11.07933352177279,1,0.0,0.0,1,0.0
25865.0,0,0.0,0.0,10.173161920314165,0,0.0,0.3887068922324131,0,0.0
25870.0,0,0.0,0.0,11.049310062496565,0,0.0,0.576235504875639,0,0.0
25875.0,0,0.0,0.0,11.844230214490107,0,0.0,0.46769144212614555,0,0.0
25880.0,2,1.0,0.09090909090909091,8.709586867619972,2,1.0,0.28734029108323206,2,1.0
25885.0,4,11.0,1.1,5.015424462259874,4,11.0,0.173545855314817,4,11.0
25890.0,0,0.0,0.0,5.824136776610911,0,6.0,0.2677743033363423,0,6.0
25895.0,1,3.0,0.23076923076923078,9.628913309483506,1,3.0,0.37864055286836706,1,3.0
25900.0,1,8.0,0.5333333333333333,10.72431994489093,1,8.0,0.3443078731864333,1,8.0
25905.0,1,0.0,0.0,10.424865539202226,1,0.0,0.3796560232284678,1,0.0
25910.0,3,5.0,0.2777777777777778,9.356725357505873,3,5.0,0.22549865191699692,3,5.0
25915.0,1,0.0,0.0,8.933957549435616,1,1.0,0.3158514260357009,1,1.0
25920.0,1,3.0,0.15789473684210525,10.869617110478792,1,3.0,0.4168214431632892,1,3.0
25925.0,1,8.0,0.5,11.033996373623076,1,8.0,0.42543223957366133,1,8.0
25930.0,1,13.0,0.8666666666666667,10.807635403995128,1,13.0,0.3584550797963071,1,13.0
25935.0,1,18.0,1.125,10.827770081591895,1,18.0,0.38885244024431076,1,18.0
25940.0,0,0.0,0.0,10.33799400303231,0,0.0,0.37946365248688413,0,0.0
25945.0,4,11.0,0.5789473684210527,8.896282219539339,4,11.0,0.18595785689150804,4,11.0
25950.0,1,0.0,0.0,9.52805667559126,1,7.0,0.392864163198412,1,7.0
25955.0,0,0.0,0.0,10.334009268201422,0,0.0,0.4413616435968294,0,0.0
25960.0,1,0.0,0.0,8.854638273930071,1,0.0,0.47160312706644975,1,0.0
25965.0,0,0.0,0.0,11.717053845136842,0,0.0,0.6407128927985098,0,0.0
25970.0,2,1.0,0.05555555555555555,11.536207823961549,2,1.0,0.5449369932450506,2,1.0
25975.0,1,0.0,0.0,11.348669014406518,1,0.0,0.5965269317284824,1,0.0
25980.0,2,3.0,0.15,10.398092592889506,2,3.0,0.4448190232482824,2,3.0
25985.0,1,1.0,0.0625,8.81359411466086,1,6.0,0.4050155404550623,1,6.0
25990.0,2,4.0,0.25,8.76525253224236,2,5.0,0.35987773014790136,2,5.0
25995.0,2,10.0,0.5882352941176471,8.55385349510811,2,10.0,0.2943926014016311,2,10.0
26000.0,1,2.0,0.10526315789473684,8.669767940645379,1,3.0,0.3604092908357338,1,3.0
26005.0,4,13.0,0.5416666666666666,8.735118225195203,4,13.0,0.21938406060461915,4,13.0
26010.0,1,0.0,0.0,8.801576567174674,1,10.0,0.35985351450113373,1,10.0
26015.0,4,7.0,0.28,7.7894034546056075,3,5.0,0.28166121099698166,3,5.0
26020.0,1,0.0,0.0,8.80431620665185,1,6.0,0.3042437720651133,1,6.0
26025.0,1,3.0,0.13043478260869565,10.032238971414726,1,3.0,0.3097332866607593,1,3.0
26030.0,3,13.0,0.5416666666666666,9.987910116036117,3,13.0,0.20789862669354675,3,13.0
26035.0,1,1.0,0.04,9.55085050340078,1,12.0,0.2722094698870536,1,12.0
26040.0,3,5.0,0.19230769230769232,9.485507651027838,3,6.0,0.21800515768681442,3,6.0
26045.0,2,1.0,0.03571428571428571,8.98745967697044,2,3.0,0.31617239042908984,2,3.0
26050.0,1,6.0,0.21428571428571427,9.265442121400861,1,7.0,0.30957703047342244,1,7.0
26055.0,4,21.0,0.7777777777777778,8.655621298772955,4,23.0,0.22184243970931047,4,23.0
26060.0,3,7.0,0.3181818181818182,7.236856254150979,3,20.0,0.14967666673694685,3,20.0
26065.0,5,29.0,1.2608695652173914,7.391737007787856,5,31.0,0.06346789487251832,5,31.0
26070.0,4,23.0,1.15,6.945120825283482,4,45.0,0.13905028360246768,4,45.0
26075.0,3,4.0,0.18181818181818182,7.20637809047847,3,40.0,0.197838556895522,3,40.0
26080.0,3,5.0,0.2777777777777778,6.686041362296334,3,36.0,0.19220802961881023,3,36.0
26085.0,3,10.0,0.625,5.571256936069544,3,25.0,0.17377945259442218,3,25.0
26090.0,3,14.0,0.7777777777777778,5.720256354114742,3,23.0,0.24745201867557945,3,23.0
26095.0,4,22.0,1.0476190476190477,6.762936899348434,4,30.0,0.2969724482596064,4,30.0
26100.0,4,29.0,1.45,6.153614152897839,2,34.0,0.2890735380013702,2,34.0
26105.0,5,42.0,2.210526315789474,4.577873323612284,5,52.0,0.21725656962080034,5,52.0
26110.0,5,62.0,3.1,5.986289023850843,5,70.0,0.2676069875926059,5,70.0
26115.0,3,7.0,0.3888888888888889,7.037231531133781,3,41.0,0.3132256631306822,3,41.0
26120.0,5,28.0,1.75,7.934230787677053,4,34.0,0.3183012951612252,4,34.0
26125.0,1,9.0,0.9,6.339348537266959,1,35.0,0.10210362535818251,1,35.0
26130.0,1,1.0,0.09090909090909091,4.2174704187547345,1,25.0,0.13288669289296973,1,25.0
26135.0,1,3.0,0.2727272727272727,7.584999927328752,0,2.0,0.469446857406277,0,2.0
26140.0,1,8.0,0.8,8.944953467089107,0,1.0,0.6098942922233604,0,1.0
26145.0,1,13.0,1.4444444444444444,8.111338833251667,0,0.0,0.6391037690479682,0,0.0
26150.0,2,18.0,1.8,9.0931959837957,1,0.0,0.6362302568130376,1,0.0
26155.0,0,0.0,0.0,11.307724138696294,0,0.0,0.7379311933088545,0,0.0
26160.0,0,0.0,0.0,11.019621693077669,0,0.0,0.6946874680833145,0,0.0
26165.0,2,3.0,0.2,7.661480389467575,2,3.0,0.47860396568488633,2,3.0
26170.0,1,0.0,0.0,7.873371203181416,1,1.0,0.4863053605749435,1,1.0
26175.0,4,7.0,0.3333333333333333,7.9098796744885576,4,7.0,0.37101567396339713,4,7.0
26180.0,0,0.0,0.0,7.892042516361914,0,5.0,0.5414101809979994,0,5.0
26185.0,3,11.0,0.5789473684210527,9.598228808642371,2,7.0,0.6176254262314027,2,7.0
26190.0,5,25.0,1.3888888888888888,7.138574260036037,5,25.0,0.45452856683349546,5,25.0
26195.0,1,3.0,0.15789473684210525,8.99333626986478,1,21.0,0.5312865313404399,1,21.0
26200.0,1,4.0,0.21052631578947367,10.467736868486867,1,4.0,0.6497959762142727,1,4.0
26205.0,3,3.0,0.1875,8.361275506693602,3,3.0,0.5107274566533989,3,3.0
26210.0,3,15.0,1.0714285714285714,8.576400987031388,3,15.0,0.3462406435402306,3,15.0
26215.0,0,0.0,0.0,7.652725452682879,0,11.0,0.45227671904626926,0,11.0
26220.0,2,2.0,0.14285714285714285,8.185902525392802,2,2.0,0.37838075768013485,2,2.0
26225.0,3,12.0,0.7058823529411765,9.192890083572653,3,12.0,0.37404902324042494,3,12.0
26230.0,1,0.0,0.0,8.036536242993979,0,0.0,0.5273568791865705,0,0.0
26235.0,5,17.0,0.8947368421052632,8.074455216360542,5,17.0,0.3621767468523631,5,17.0
26240.0,0,0.0,0.0,7.070273539276436,0,9.0,0.4656163295575096,0,9.0
26245.0,0,0.0,0.0,10.303752118935929,0,0.0,0.6781897353473418,0,0.0
26250.0,1,1.0,0.047619047619047616,10.149540556194642,1,1.0,0.5622361614073058,1,1.0
26255.0,6,15.0,0.7894736842105263,7.298822040063226,4,11.0,0.4319017295581752,4,11.0
26260.0,0,0.0,0.0,7.6090793919417195,0,5.0,0.4613012351625179,0,5.0
26265.0,0,0.0,0.0,10.1917886222501,0,0.0,0.6283818951292509,0,0.0
26270.0,1,0.0,0.0,9.993136471308713,1,0.0,0.604348913312692,1,0.0
26275.0,4,11.0,0.5,9.69472421768928,4,11.0,0.5748735896077541,4,11.0
26280.0,2,0.0,0.0,8.043982185006668,2,8.0,0.5042940521014956,2,8.0
26285.0,2,4.0,0.16666666666666666,9.672505732917168,2,4.0,0.5686562181953136,2,4.0
26290.0,3,3.0,0.13636363636363635,8.942289677271331,3,5.0,0.5012612015671789,3,5.0
26295.0,4,16.0,0.8421052631578947,8.791257418284664,4,16.0,0.44107301747061806,4,16.0
26300.0,0,0.0,0.0,7.372330202474763,0,13.0,0.4324284537967088,0,13.0
26305.0,1,4.0,0.21052631578947367,9.127533203287538,1,4.0,0.5113311505326845,1,4.0
26310.0,1,2.0,0.1111111111111111,9.677847964910626,1,2.0,0.43658761960111236,1,2.0
26315.0,3,12.0,0.75,7.21361000687101,3,12.0,0.3101496352257663,3,12.0
26320.0,0,0.0,0.0,6.8417343066234215,0,9.0,0.35971668838545107,0,9.0
26325.0,0,0.0,0.0,10.774051020427805,0,0.0,0.6101301522736742,0,0.0
26330.0,2,1.0,0.058823529411764705,9.053832351678661,2,1.0,0.44866566625566123,2,1.0
26335.0,6,18.0,0.9473684210526315,6.41804378936645,6,18.0,0.34779535745414747,6,18.0
26340.0,1,0.0,0.0,7.586246668833379,1,6.0,0.48307639665770136,1,6.0
26345.0,1,2.0,0.08333333333333333,11.903739369000247,0,0.0,0.7182211058780389,0,0.0
26350.0,2,1.0,0.05263157894736842,10.381922894806026,2,1.0,0.5887587715684024,2,1.0
26355.0,1,1.0,0.06666666666666667,10.372116330106513,1,1.0,0.6757631443701604,1,1.0
26360.0,2,9.0,0.75,11.467196599284144,2,9.0,0.6677633531201173,2,9.0
26365.0,0,0.0,0.0,9.541656433477554,0,6.0,0.6133002733916433,0,6.0
26370.0,2,5.0,0.4166666666666667,9.26974738855468,2,5.0,0.511642610802458,2,5.0
26375.0,2,11.0,1.0,8.29922267069527,2,11.0,0.4930492410532077,2,11.0
26380.0,5,26.0,2.3636363636363638,5.666527525042209,5,26.0,0.3058880618724064,5,26.0
26385.0,8,50.0,3.3333333333333335,3.5265131913774144,8,50.0,0.2210549345387591,8,50.0
26390.0,8,83.0,4.611111111111111,4.207841995316662,8,84.0,0.2383040374412391,8,84.0
26395.0,3,16.0,0.8421052631578947,5.838188942717414,3,56.0,0.394088931455698,3,56.0
26400.0,2,1.0,0.047619047619047616,9.05562357043406,2,8.0,0.5178104957330562,2,8.0
26405.0,3,4.0,0.2,9.86187257807509,3,11.0,0.5641584500650149,3,11.0
26410.0,2,14.0,0.8235294117647058,10.46626095926682,2,21.0,0.6696101934205606,2,21.0
26415.0,0,0.0,0.0,11.343761404442565,0,0.0,0.788875233813636,0,0.0
26420.0,2,7.0,0.4666666666666667,9.850691262083176,1,2.0,0.6704319229012398,1,2.0
26425.0,3,7.0,0.5,8.998370986618413,3,7.0,0.5090990274119109,3,7.0
26430.0,2,12.0,0.8,9.437094074094619,2,13.0,0.39197039595965166,2,13.0
26435.0,0,0.0,0.0,10.002909812332003,0,1.0,0.6084263110119323,0,1.0
26440.0,2,2.0,0.1,9.365524162994886,1,0.0,0.5784962472285585,1,0.0
26445.0,2,0.0,0.0,10.214686829834147,2,0.0,0.6168059380852253,2,0.0
26450.0,4,9.0,0.375,9.81676480293254,4,9.0,0.5027617893418881,4,9.0
26455.0,1,0.0,0.0,9.394568148969396,1,8.0,0.5992277695207381,1,8.0
26460.0,3,3.0,0.13043478260869565,10.439895671923184,3,3.0,0.5837647158541303,3,3.0
26465.0,4,15.0,0.75,8.99888470766365,4,15.0,0.379236027663626,4,15.0
26470.0,7,39.0,2.2941176470588234,5.9893724932843435,7,39.0,0.2904978377649687,7,39.0
26475.0,4,1.0,0.05,5.428907701907437,3,30.0,0.2831356765186474,3,30.0
26480.0,3,8.0,0.38095238095238093,7.704246020931763,3,9.0,0.394006244578302,3,9.0
26485.0,6,29.0,1.2608695652173914,8.15172033806656,6,30.0,0.34116646977641735,6,30.0
26490.0,2,0.0,0.0,6.559878294458835,2,23.0,0.4390350264504859,2,23.0
26495.0,0,0.0,0.0,10.004402532662045,0,1.0,0.6645073090208204,0,1.0
26500.0,0,0.0,0.0,10.799571835728006,0,1.0,0.7137017035540297,0,1.0
26505.0,1,0.0,0.0,11.159233506247489,1,1.0,0.7528184947239888,1,1.0
26510.0,1,5.0,0.3125,12.033060331719806,1,5.0,0.8214008503674979,1,5.0
26515.0,2,10.0,0.7142857142857143,10.145553819998721,2,10.0,0.6850712323178062,2,10.0
26520.0,0,0.0,0.0,10.5554049638135,0,0.0,0.7504984795762489,0,0.0
26525.0,3,4.0,0.23529411764705882,8.424959886570575,3,4.0,0.5385382792428678,3,4.0
26530.0,3,2.0,0.10526315789473684,7.9848122308235245,3,3.0,0.5648164909294302,3,3.0
26535.0,2,10.0,0.5,10.866157742772492,1,8.0,0.611050236273857,1,8.0
26540.0,2,0.0,0.0,9.005308317884545,2,1.0,0.4945806273338866,2,1.0
26545.0,3,9.0,0.4090909090909091,9.897257404458687,3,10.0,0.5983362550886109,3,10.0
26550.0,1,1.0,0.041666666666666664,10.023875670809355,1,2.0,0.6138517647794093,1,2.0
26555.0,3,11.0,0.4230769230769231,10.476115935431684,3,11.0,0.5727397434825092,3,11.0
26560.0,1,0.0,0.0,9.733686208205725,1,4.0,0.558510535232639,1,4.0
26565.0,2,5.0,0.23809523809523808,9.751269084349595,1,5.0,0.6950598504693715,1,5.0
26570.0,1,0.0,0.0,9.756385434401874,1,1.0,0.6354730157941806,1,1.0
26575.0,1,1.0,0.041666666666666664,8.959029174640948,1,1.0,0.5476801670837407,1,1.0
26580.0,3,2.0,0.06896551724137931,8.067610517579658,2,2.0,0.4736918949571216,2,2.0
26585.0,6,17.0,0.5151515151515151,8.848861876063468,5,17.0,0.5549318957464838,5,17.0
26590.0,3,7.0,0.2,8.440234451361485,3,22.0,0.4966792044497909,3,22.0
26595.0,6,14.0,0.3888888888888889,8.43776783364725,6,14.0,0.46607667583543244,6,14.0
26600.0,6,11.0,0.2894736842105263,8.143201619562154,5,22.0,0.43693040898470714,5,22.0
26605.0,8,25.0,0.6410256410256411,8.137479914864887,7,29.0,0.4218759680917728,7,29.0
26610.0,6,18.0,0.4864864864864865,6.961845193761493,6,38.0,0.34851846814043275,6,38.0
26615.0,4,26.0,0.7222222222222222,8.440539772281205,4,40.0,0.3771847079395785,4,40.0
26620.0,1,2.0,0.06060606060606061,8.561481913616275,1,33.0,0.40031849671082587,1,33.0
26625.0,4,15.0,0.4838709677419355,8.120545392949506,3,20.0,0.4035268788659424,3,20.0
26630.0,5,37.0,1.2758620689655173,7.561919625775668,5,44.0,0.3661148350025198,5,44.0
26635.0,10,75.0,2.6785714285714284,5.927654216546547,10,82.0,0.2772551735532227,10,82.0
26640.0,8,99.0,3.6666666666666665,5.548319443552523,8,108.0,0.312386270486685,8,108.0
26645.0,10,139.0,4.483870967741935,7.743913209369516,9,145.0,0.3845283853518563,9,145.0
26650.0,6,90.0,2.903225806451613,8.013123092662088,5,145.0,0.45621340671533916,5,145.0
26655.0,2,6.0,0.18181818181818182,9.116652138955153,2,81.0,0.49582555835556785,2,81.0
26660.0,1,1.0,0.03225806451612903,8.24250036340181,1,78.0,0.45975743890945375,1,78.0
26665.0,6,17.0,0.53125,7.388759675206921,6,92.0,0.40337774367788937,6,92.0
26670.0,6,13.0,0.40625,7.491140934930591,6,75.0,0.40220550115257664,6,75.0
26675.0,6,14.0,0.4,7.309537805860619,5,28.0,0.41543665974534955,5,28.0
26680.0,3,2.0,0.05555555555555555,7.620032199832565,2,21.0,0.42990555019915017,2,21.0
26685.0,7,18.0,0.47368421052631576,8.34412790490358,6,33.0,0.45178698451398236,6,33.0
26690.0,7,14.0,0.3684210526315789,7.842168488133261,6,39.0,0.43028548812324585,6,39.0
26695.0,7,17.0,0.4146341463414634,8.023239341153607,7,32.0,0.4364034723894867,7,32.0
26700.0,3,3.0,0.06976744186046512,7.426765101602823,3,26.0,0.4170804341243752,3,26.0
26705.0,6,23.0,0.48936170212765956,8.044020079935283,5,46.0,0.4278838236104271,5,46.0
26710.0,8,20.0,0.4166666666666667,7.424941833291357,8,53.0,0.4071297772411377,8,53.0
26715.0,11,40.0,0.7547169811320755,7.098565943917559,10,61.0,0.33618079407230833,10,61.0
26720.0,5,9.0,0.16666666666666666,7.347658603354919,4,63.0,0.3631114697153976,4,63.0
26725.0,6,23.0,0.40350877192982454,7.857479586410775,6,61.0,0.35564537768223525,6,61.0
26730.0,9,20.0,0.3448275862068966,7.414465711194962,9,71.0,0.33145270504819563,9,71.0
26735.0,10,35.0,0.6140350877192983,7.459753354316391,10,79.0,0.31753893069447164,10,79.0
26740.0,5,20.0,0.37037037037037035,7.941043579025568,5,89.0,0.38886781035215934,5,89.0
26745.0,7,31.0,0.5636363636363636,7.928676036390752,6,87.0,0.41689878780905026,6,87.0
26750.0,11,30.0,0.5172413793103449,6.503980183096824,11,104.0,0.3238754952027015,11,104.0
26755.0,11,52.0,0.9122807017543859,7.308518930776711,11,100.0,0.3079848058827808,11,100.0
26760.0,10,25.0,0.45454545454545453,6.4832239127968725,10,106.0,0.3019652555200018,10,106.0
26765.0,8,34.0,0.6296296296296297,6.586699794030637,7,100.0,0.31785793041537275,7,100.0
26770.0,7,24.0,0.43636363636363634,5.855316639074211,7,100.0,0.30219487281971896,7,100.0
26775.0,11,49.0,0.875,6.977173759356552,11,103.0,0.29877533473360973,11,103.0
26780.0,9,42.0,0.8076923076923077,5.57876272971229,9,109.0,0.22393391228354917,9,109.0
26785.0,14,49.0,0.9074074074074074,6.086284338173691,14,118.0,0.22409719127974612,14,118.0
26790.0,15,103.0,1.9807692307692308,6.642261899366944,15,159.0,0.19857137714706666,15,159.0
26795.0,10,52.0,1.1063829787234043,6.40175571373579,10,162.0,0.22036881416322976,10,162.0
26800.0,7,33.0,0.7333333333333333,7.846165782510621,7,129.0,0.26854135439037985,7,129.0
26805.0,8,17.0,0.40476190476190477,6.917135691881888,8,107.0,0.19823684175573064,8,107.0
26810.0,10,28.0,0.6666666666666666,6.195767982581993,10,122.0,0.1667120827942422,10,122.0
26815.0,6,15.0,0.375,6.09959069328306,6,124.0,0.22199934520442222,6,124.0
26820.0,4,20.0,0.5405405405405406,7.519301066445332,4,87.0,0.3143327263053844,4,87.0
26825.0,7,23.0,0.6764705882352942,6.523630935273154,7,98.0,0.2760551498787425,7,98.0
26830.0,7,24.0,0.7741935483870968,6.554433095980524,7,97.0,0.3189595167558803,7,97.0
26835.0,6,37.0,1.121212121212121,8.109232956445874,6,94.0,0.36149876496509004,6,94.0
26840.0,6,52.0,1.6774193548387097,8.629121275471226,5,96.0,0.3845726015481017,5,96.0
26845.0,2,1.0,0.030303030303030304,7.67282224114414,1,56.0,0.2818834207823214,1,56.0
26850.0,4,16.0,0.45714285714285713,8.48768789158376,4,29.0,0.2878490378040088,4,29.0
26855.0,4,13.0,0.40625,8.38010497709994,4,35.0,0.3210060166332717,4,35.0
26860.0,3,18.0,0.5806451612903226,9.459110827976987,3,25.0,0.4163779430481297,3,25.0
26865.0,2,0.0,0.0,9.071570916705863,1,23.0,0.4641648506525749,1,23.0
26870.0,5,9.0,0.28125,9.900929263779291,5,16.0,0.49567883693437087,5,16.0
26875.0,1,0.0,0.0,9.013009285831924,1,9.0,0.4876886926286523,1,9.0
26880.0,3,9.0,0.2903225806451613,10.190466609935791,3,9.0,0.5314727594194034,3,9.0
26885.0,3,24.0,0.7272727272727273,10.017642216151668,3,25.0,0.5539227481419149,3,25.0
26890.0,2,2.0,0.0625,9.50534146244419,2,13.0,0.5362988658452289,2,13.0
26895.0,5,19.0,0.5757575757575758,9.322734077864595,5,20.0,0.40695853680989896,5,20.0
26900.0,2,5.0,0.15625,8.390895829956966,2,27.0,0.3391612945870932,2,27.0
26905.0,3,5.0,0.16666666666666666,8.048020440935144,3,11.0,0.28072542095577024,3,11.0
26910.0,3,6.0,0.1935483870967742,8.058719082090635,3,14.0,0.35085754189378815,3,14.0
26915.0,6,29.0,1.0,8.123323289959524,5,31.0,0.3078890213312941,5,31.0
26920.0,4,11.0,0.34375,8.044854209388358,4,25.0,0.31907197733700465,4,25.0
26925.0,1,8.0,0.25,9.67191865304023,1,15.0,0.45735242379689517,1,15.0
26930.0,3,3.0,0.09375,9.141481410086286,3,10.0,0.43249608185644206,3,10.0
26935.0,5,17.0,0.53125,8.804958401624807,5,24.0,0.4414923515061975,5,24.0
26940.0,5,12.0,0.41379310344827586,8.171582249779505,5,31.0,0.45916483854684065,5,31.0
26945.0,4,10.0,0.3333333333333333,7.925856546347722,4,28.0,0.3519488637595642,4,28.0
26950.0,9,37.0,1.2758620689655173,7.713399800092549,9,45.0,0.2738394600863958,9,45.0
26955.0,0,0.0,0.0,8.746686022246523,0,35.0,0.39725169493752865,0,35.0
26960.0,3,11.0,0.3793103448275862,10.336999336761433,3,20.0,0.44712962983203597,3,20.0
26965.0,2,4.0,0.13793103448275862,8.93165360838034,2,18.0,0.2787973069885192,2,18.0
26970.0,4,21.0,0.75,10.047701674265769,4,22.0,0.44404554689303083,4,22.0
26975.0,1,0.0,0.0,11.021393133042062,1,6.0,0.5804611384021051,1,6.0
26980.0,4,7.0,0.25,9.926330146478401,2,2.0,0.5316488871189228,2,2.0
26985.0,1,0.0,0.0,10.38601655288996,1,1.0,0.6324576327695396,1,1.0
26990.0,3,6.0,0.23076923076923078,9.731476818482562,3,7.0,0.5541954778565897,3,7.0
26995.0,0,0.0,0.0,10.126515739736154,0,1.0,0.6009093094877904,0,1.0
27000.0,2,6.0,0.3333333333333333,10.686214711308015,1,3.0,0.4971418268601788,1,3.0
27005.0,0,0.0,0.0,9.122067025507874,0,0.0,0.4669544679164798,0,0.0
27010.0,2,1.0,0.07142857142857142,10.41854633157588,2,1.0,0.4277820993712866,2,1.0
27015.0,2,1.0,0.08333333333333333,8.842853258871376,2,1.0,0.4243544053336335,2,1.0
27020.0,4,10.0,0.7692307692307693,7.501926924434534,4,10.0,0.20797744950174604,4,10.0
27025.0,1,0.0,0.0,7.878984354722273,1,4.0,0.2844249459580516,1,4.0
27030.0,0,0.0,0.0,10.796108845166158,0,0.0,0.48468836958956163,0,0.0
27035.0,0,0.0,0.0,9.551317634443214,0,1.0,0.3133731443203906,0,1.0
27040.0,3,10.0,0.6666666666666666,7.231721737604672,3,11.0,0.3021246487810668,3,11.0
27045.0,1,0.0,0.0,6.7749135198077255,1,10.0,0.3207420668976608,1,10.0
27050.0,2,5.0,0.21739130434782608,10.129526409864631,2,5.0,0.5246394480886533,2,5.0
27055.0,0,0.0,0.0,10.064452421747944,0,0.0,0.5274224167769468,0,0.0
27060.0,3,11.0,0.5789473684210527,8.60709457946194,3,11.0,0.42329597273876235,3,11.0
27065.0,2,4.0,0.21052631578947367,8.260623790680762,2,13.0,0.4173443320606955,2,13.0
27070.0,1,1.0,0.047619047619047616,8.686148711254859,1,7.0,0.3159843552480835,1,7.0
27075.0,3,11.0,0.6111111111111112,9.10965074961447,3,11.0,0.3269457197743823,3,11.0
27080.0,2,4.0,0.26666666666666666,6.868565299313276,2,11.0,0.1615224446656535,2,11.0
27085.0,3,18.0,1.125,8.273101241221848,3,18.0,0.1930506280807836,3,18.0
27090.0,0,0.0,0.0,9.565299998266326,0,17.0,0.4148607972843109,0,17.0
27095.0,1,1.0,0.1,7.541607460073491,1,1.0,0.43628151371932,1,1.0
27100.0,1,0.0,0.0,8.462092495118505,1,1.0,0.6388369281379936,1,1.0
27105.0,0,0.0,0.0,9.683901309567965,0,0.0,0.5825201654624028,0,0.0
27110.0,1,5.0,0.5,9.735475013200197,1,5.0,0.44324704139137466,1,5.0
27115.0,1,0.0,0.0,7.90851224990804,1,0.0,0.3988008447138114,1,0.0
27120.0,2,2.0,0.13333333333333333,7.548657412486654,2,2.0,0.37521935241071014,2,2.0
27125.0,0,0.0,0.0,8.830482131958632,0,1.0,0.5929475009579782,0,1.0
27130.0,1,5.0,0.3125,9.493046874635613,1,6.0,0.5884617660869383,1,6.0
27135.0,1,2.0,0.14285714285714285,10.681580654724586,1,3.0,0.5990846225887023,1,3.0
27140.0,1,7.0,0.5,10.43962398761661,1,8.0,0.682922061859167,1,8.0
27145.0,0,0.0,0.0,10.077091261407908,0,0.0,0.6706201381217166,0,0.0
27150.0,2,6.0,0.5454545454545454,6.462424471259024,0,0.0,0.3215826489359683,0,0.0
27155.0,4,13.0,1.0833333333333333,4.645301620328793,3,13.0,0.21210254607021403,3,13.0
27160.0,1,2.0,0.18181818181818182,7.738931597612705,1,5.0,0.46058272433994707,1,5.0
27165.0,3,9.0,0.75,7.768917037919994,3,9.0,0.10712239185307908,3,9.0
27170.0,1,0.0,0.0,9.025163711408782,1,2.0,0.3603156547669828,1,2.0
27175.0,1,0.0,0.0,11.072944712232148,1,0.0,0.36966690379090045,1,0.0
27180.0,2,2.0,0.13333333333333333,10.92945557897528,2,2.0,0.31877253044656134,2,2.0
27185.0,2,0.0,0.0,9.308279565077678,2,0.0,0.3286881083397238,2,0.0
27190.0,1,5.0,0.29411764705882354,9.076711739305786,1,5.0,0.42474835620141116,1,5.0
27195.0,0,0.0,0.0,9.210775132326257,0,0.0,0.3691377924814585,0,0.0
27200.0,2,3.0,0.1875,9.185550408695345,2,3.0,0.3662334835786595,2,3.0
27205.0,2,8.0,0.6153846153846154,10.000720562517328,2,8.0,0.41930849654623115,2,8.0
27210.0,1,13.0,1.0833333333333333,11.429443908790072,1,13.0,0.4906998646437423,1,13.0
27215.0,0,0.0,0.0,8.28662372265835,0,0.0,0.2679549568513728,0,0.0
27220.0,3,10.0,1.0,6.0942521862083785,3,10.0,0.10804179702941448,3,10.0
27225.0,0,0.0,0.0,7.743116647854848,0,0.0,0.44395975142112265,0,0.0
27230.0,3,6.0,0.5,6.1145086088828196,3,6.0,0.19369851785305853,3,6.0
27235.0,1,0.0,0.0,6.497977517944252,1,4.0,0.32573231236830474,1,4.0
27240.0,2,5.0,0.35714285714285715,9.754723472446058,2,6.0,0.19701400191328983,2,6.0
27245.0,0,0.0,0.0,8.765143278620432,0,0.0,0.30190937074730556,0,0.0
27250.0,0,0.0,0.0,13.03050339666762,0,0.0,0.8996683132780782,0,0.0
27255.0,1,0.0,0.0,9.653934725643756,1,0.0,0.2554282210596446,1,0.0
27260.0,0,0.0,0.0,9.139478277840379,0,0.0,0.5048500376216497,0,0.0
27265.0,0,0.0,0.0,11.513368168631366,0,0.0,0.5308284890946472,0,0.0
27270.0,2,0.0,0.0,10.991669248477486,1,0.0,0.4061002428000032,1,0.0
27275.0,3,0.0,0.0,8.369703708087306,2,0.0,0.2747967799129589,2,0.0
27280.0,1,0.0,0.0,8.485650078571224,1,0.0,0.35881707210406366,1,0.0
27285.0,3,12.0,0.631578947368421,9.085286787644742,2,7.0,0.367260185323163,2,7.0
27290.0,3,3.0,0.15,6.813853483585679,3,19.0,0.29860753821701386,3,19.0
27295.0,2,4.0,0.23529411764705882,8.502121987577235,2,17.0,0.5237188826544364,2,17.0
27300.0,3,18.0,1.0588235294117647,9.633235442367276,3,25.0,0.5534500533798715,3,25.0
27305.0,1,1.0,0.07142857142857142,9.535098502169088,1,1.0,0.6153684944072565,1,1.0
27310.0,2,11.0,0.8461538461538461,9.0236128915524,2,11.0,0.4477873543926541,2,11.0
27315.0,0,0.0,0.0,8.601920681937962,0,0.0,0.7417707346365153,0,0.0
27320.0,1,2.0,0.18181818181818182,11.851050345646327,0,0.0,0.7015334224861202,0,0.0
27325.0,2,10.0,1.4285714285714286,10.690629064328778,1,3.0,0.499666869503238,1,3.0
27330.0,0,0.0,0.0,8.790065930405394,0,0.0,1.0,0,0.0
27335.0,1,0.0,0.0,8.81218622825509,0,0.0,1.0,0,0.0
27340.0,0,0.0,0.0,12.252503351104373,0,0.0,1.0,0,0.0
27345.0,0,0.0,0.0,9.93046572220726,0,0.0,0.2866841043589888,0,0.0
27350.0,2,3.0,0.5,5.1611414541167635,1,3.0,0.1725712007603,1,3.0
27355.0,0,0.0,0.0,12.172779095289457,0,0.0,0.8589704773958189,0,0.0
27360.0,0,0.0,0.0,12.28831140472122,0,0.0,0.9134263198285204,0,0.0
27365.0,2,0.0,0.0,9.090922795055796,1,0.0,0.4899189539954892,1,0.0
27370.0,2,4.0,0.5,6.987157876246817,1,3.0,0.42944949003137173,1,3.0
27375.0,0,0.0,0.0,8.18150282036087,0,2.0,0.506926976367742,0,2.0
27380.0,1,1.0,0.125,11.234638566266726,1,1.0,0.0030823450650383968,1,1.0
27385.0,0,0.0,0.0,9.341410573367508,0,0.0,0.2269580376158565,0,0.0
27390.0,1,0.0,0.0,8.070685903484764,1,0.0,0.3107477656917733,1,0.0
27395.0,1,3.0,0.42857142857142855,7.787447813524811,1,3.0,0.38253463063650583,1,3.0
27400.0,0,0.0,0.0,8.717932853697576,0,0.0,0.4965679502346562,0,0.0
27405.0,0,0.0,0.0,13.955748552004474,0,0.0,0.8704151798900078,0,0.0
27410.0,1,1.0,0.3333333333333333,10.712086811149293,1,1.0,0.4678384432738548,1,1.0
27415.0,1,6.0,2.0,5.20442327545499,1,6.0,0.0,1,6.0
27420.0,1,11.0,2.2,6.121514943308039,1,11.0,0.21930535028627302,1,11.0
27425.0,1,2.0,0.3333333333333333,6.638558293169615,1,2.0,0.3489884436968753,1,2.0
27430.0,2,8.0,1.0,6.172230701658398,2,8.0,0.3138153034508514,2,8.0
27435.0,0,0.0,0.0,8.105405019248556,0,3.0,0.6016763180545992,0,3.0
27440.0,0,0.0,0.0,11.532102438352718,0,0.0,0.7694912964117071,0,0.0
27445.0,0,0.0,0.0,9.655864366242994,0,0.0,0.6493851101433207,0,0.0
27450.0,1,2.0,0.2,10.414642682273335,1,2.0,0.7011147188579538,1,2.0
27455.0,1,0.0,0.0,7.770982729161076,0,0.0,0.5836101895677603,0,0.0
27460.0,2,8.0,0.5,10.298611519587809,2,8.0,0.6121717700038584,2,8.0
27465.0,4,19.0,1.3571428571428572,9.282292982181346,3,19.0,0.4793864379095105,3,19.0
27470.0,0,0.0,0.0,8.011334850007286,0,6.0,0.46882538285994524,0,6.0
27475.0,4,6.0,0.46153846153846156,8.037281158874853,3,6.0,0.4273897643809015,3,6.0
27480.0,1,3.0,0.23076923076923078,7.058212824122759,1,5.0,0.4087467616916696,1,5.0
27485.0,3,11.0,0.7857142857142857,9.379161850592737,2,10.0,0.5741090934720493,2,10.0
27490.0,0,0.0,0.0,8.514524505636585,0,5.0,0.4558755532036646,0,5.0
27495.0,3,6.0,0.375,8.694430701576664,2,6.0,0.5115966751945016,2,6.0
27500.0,3,21.0,1.6153846153846154,9.352161917709184,3,21.0,0.580686863659925,3,21.0
27505.0,2,1.0,0.06666666666666667,8.509303467207529,2,1.0,0.5653582382184881,2,1.0
27510.0,3,7.0,0.3888888888888889,10.24711997415786,2,6.0,0.6901670644446821,2,6.0
27515.0,1,0.0,0.0,9.234587702814384,0,0.0,0.7290729427685847,0,0.0
27520.0,2,4.0,0.26666666666666666,9.407361379648526,1,2.0,0.5241377956236051,1,2.0
27525.0,6,21.0,1.4,5.600977569564316,5,14.0,0.38035154982825037,5,14.0
27530.0,0,0.0,0.0,6.9577737017134,0,5.0,0.4600048744120583,0,5.0
27535.0,3,9.0,0.47368421052631576,9.63662960157705,3,9.0,0.5157800752223106,3,9.0
27540.0,0,0.0,0.0,8.64264638766436,0,1.0,0.5739391846546424,0,1.0
27545.0,1,0.0,0.0,9.094858702170415,0,3.0,0.6615086652084771,0,3.0
27550.0,3,3.0,0.16666666666666666,8.123007121721638,3,8.0,0.4334195806729089,3,8.0
27555.0,6,25.0,1.3157894736842106,4.548386009658082,6,32.0,0.232968876282775,6,32.0
27560.0,3,10.0,0.45454545454545453,4.553472164013749,3,38.0,0.20412859242566353,3,38.0
27565.0,3,6.0,0.25,6.181606302361416,3,38.0,0.30337020617170807,3,38.0
27570.0,3,18.0,0.9,6.27346075958429,3,38.0,0.3771348383007512,3,38.0
27575.0,4,3.0,0.15,6.5863908756410705,4,40.0,0.3599694736204241,4,40.0
27580.0,8,31.0,1.55,5.938744526028069,8,62.0,0.3530446851860522,8,62.0
27585.0,5,41.0,1.7826086956521738,5.883756186364583,5,83.0,0.37128319419191114,5,83.0
27590.0,9,39.0,1.4444444444444444,5.635068105386012,7,82.0,0.276767716164962,7,82.0
27595.0,12,53.0,1.8928571428571428,4.284540460098504,12,115.0,0.2721920182950443,12,115.0
27600.0,11,83.0,2.59375,5.616546727795162,11,130.0,0.3356265922101799,11,130.0
27605.0,11,85.0,2.361111111111111,6.056452932379381,10,144.0,0.32764749583866043,10,144.0
27610.0,7,15.0,0.42857142857142855,5.034638746898483,6,151.0,0.31684028042833423,6,151.0
27615.0,6,15.0,0.40540540540540543,5.651036698740384,4,120.0,0.2725646110771956,4,120.0
27620.0,8,29.0,0.8285714285714286,6.649844153524319,8,122.0,0.25391194954736607,8,122.0
27625.0,13,36.0,1.0909090909090908,5.067609012579337,10,115.0,0.22036686534525696,10,115.0
27630.0,14,62.0,1.878787878787879,4.063004222076236,9,134.0,0.21779967725648533,9,134.0
27635.0,9,47.0,1.3428571428571427,4.489087216515846,6,140.0,0.214506776187751,6,140.0
27640.0,14,91.0,2.4594594594594597,5.925375837766783,10,146.0,0.26874013278232894,10,146.0
27645.0,15,116.0,3.2222222222222223,5.969982559166813,10,122.0,0.35637125133261055,10,122.0
27650.0,14,149.0,3.9210526315789473,4.8007483958857975,8,147.0,0.3030153746148185,8,147.0
27655.0,8,81.0,1.975609756097561,5.05682428208571,6,171.0,0.3283059554377083,6,171.0
27660.0,10,21.0,0.4666666666666667,5.260506611544908,8,177.0,0.26600903677422355,8,177.0
27665.0,15,40.0,0.9302325581395349,4.809331065844084,8,203.0,0.2865086220892194,8,203.0
27670.0,15,71.0,1.6904761904761905,4.293212408039153,9,222.0,0.30297827376942926,9,222.0
27675.0,18,98.0,2.3333333333333335,2.857468021600161,10,225.0,0.19984407379445493,10,225.0
27680.0,25,160.0,3.7209302325581395,3.238539318099005,14,265.0,0.17528741264252704,14,265.0
27685.0,20,152.0,3.8,3.2147604464149877,12,265.0,0.20302207493716293,12,265.0
27690.0,26,220.0,5.641025641025641,2.773595048123151,16,291.0,0.15138436915438905,16,291.0
27695.0,24,313.0,8.236842105263158,3.0801426009371724,14,368.0,0.22256308454796334,14,368.0
27700.0,24,373.0,10.08108108108108,2.432142878853989,17,408.0,0.14771995052385142,17,408.0
27705.0,23,420.0,11.35135135135135,2.727605612104834,16,453.0,0.18551234646103218,16,453.0
27710.0,17,359.0,9.702702702702704,3.154395586764764,10,437.0,0.2391370538563344,10,437.0
27715.0,20,392.0,10.594594594594595,3.0154227570539134,10,471.0,0.24954409057924626,10,471.0
27720.0,17,423.0,11.131578947368421,3.3054755844386317,9,504.0,0.282575287782692,9,504.0
27725.0,17,376.0,9.64102564102564,3.9697186596201175,11,504.0,0.2745208070286419,11,504.0
27730.0,20,410.0,10.789473684210526,3.6531517991209475,13,471.0,0.2377049416828332,13,471.0
27735.0,21,431.0,11.342105263157896,3.9466560779003586,14,452.0,0.19690216302398805,14,452.0
27740.0,18,514.0,13.891891891891891,4.12870259712245,11,510.0,0.24150363804715314,11,510.0
27745.0,14,466.0,13.314285714285715,4.452685572755048,8,519.0,0.24676104854846911,8,519.0
27750.0,14,483.0,14.636363636363637,4.356144270827008,8,443.0,0.29772493070702133,8,443.0
27755.0,10,181.0,5.484848484848484,5.730799809844,8,540.0,0.38844100870112386,8,540.0
27760.0,8,27.0,0.7941176470588235,6.249985178542865,6,711.0,0.36055693632001284,6,711.0
27765.0,11,62.0,1.878787878787879,5.325318919216778,9,749.0,0.34567041548117433,9,749.0
27770.0,12,116.0,3.411764705882353,6.1956024679440365,9,721.0,0.3869272270742388,9,721.0
27775.0,12,118.0,3.3714285714285714,6.009303854729102,9,682.0,0.36316854577219304,9,682.0
27780.0,11,92.0,2.7058823529411766,6.1135825096275225,9,539.0,0.4011190553326035,9,539.0
27785.0,4,12.0,0.35294117647058826,6.039569981937552,4,665.0,0.3642080173300218,4,665.0
27790.0,8,25.0,0.7575757575757576,6.980680979249328,6,684.0,0.4326700592368157,6,684.0
27795.0,9,24.0,0.7272727272727273,6.599323163034984,9,606.0,0.41707524757451536,9,606.0
27800.0,5,30.0,0.8823529411764706,6.219152651241078,5,524.0,0.3567813320786554,5,524.0
27805.0,4,9.0,0.2647058823529412,6.227130065417407,4,470.0,0.40738910844586085,4,470.0
27810.0,9,28.0,0.8235294117647058,7.3797666051562,6,426.0,0.4859091224519675,6,426.0
27815.0,5,17.0,0.53125,6.61815515213304,4,330.0,0.4161125573466742,4,330.0
27820.0,8,41.0,1.28125,7.3582012795528895,7,137.0,0.45334380250941486,7,137.0
27825.0,3,8.0,0.25806451612903225,7.138406102905076,3,132.0,0.49466422339654037,3,132.0
27830.0,4,14.0,0.4117647058823529,7.143393678964023,3,116.0,0.4505240983433369,3,116.0
27835.0,6,11.0,0.3333333333333333,8.517886998318483,6,17.0,0.4570836282138039,6,17.0
27840.0,7,38.0,1.2258064516129032,7.766161980143609,7,43.0,0.4384972104499779,7,43.0
27845.0,5,47.0,1.4242424242424243,7.756161538559977,5,66.0,0.4137697990871862,5,66.0
27850.0,2,4.0,0.12903225806451613,8.483132065839392,2,29.0,0.5057732681234636,2,29.0
27855.0,3,10.0,0.3333333333333333,9.793520637458492,3,13.0,0.5749993394564624,3,13.0
27860.0,3,1.0,0.034482758620689655,8.86574951654396,3,7.0,0.47776944569096297,3,7.0
27865.0,5,20.0,0.7407407407407407,8.72246762255908,5,24.0,0.483594101232576,5,24.0
27870.0,2,3.0,0.12,8.268684050580626,2,29.0,0.5118791444989278,2,29.0
27875.0,1,3.0,0.11538461538461539,9.045027341727614,1,8.0,0.5765201808448387,1,8.0
27880.0,3,4.0,0.16,9.494572655372945,3,6.0,0.6434051058309198,3,6.0
27885.0,3,16.0,0.64,9.534426300799028,3,18.0,0.5722669029309926,3,18.0
27890.0,2,2.0,0.07692307692307693,7.365204736055173,1,10.0,0.5206460002516295,1,10.0
27895.0,5,9.0,0.32142857142857145,8.283512941165688,4,10.0,0.5302040160230514,4,10.0
27900.0,3,2.0,0.06896551724137931,8.410235664847747,2,6.0,0.5136608034041918,2,6.0
27905.0,5,17.0,0.6538461538461539,9.035021975324495,5,18.0,0.5611500986430498,5,18.0
27910.0,0,0.0,0.0,8.731521924690144,0,17.0,0.5349952655043547,0,17.0
27915.0,2,6.0,0.24,10.162234604930532,2,6.0,0.6128274176343782,2,6.0
27920.0,3,16.0,0.7619047619047619,10.753993455322751,3,16.0,0.6595189081565903,3,16.0
27925.0,2,1.0,0.05555555555555555,8.947746851834696,2,1.0,0.5912638949018962,2,1.0
27930.0,4,12.0,0.6,8.952256946662617,4,12.0,0.4990738918465106,4,12.0
27935.0,3,3.0,0.16666666666666666,8.485728464919841,3,10.0,0.5539059977974048,3,10.0
27940.0,1,6.0,0.3333333333333333,9.40424427539062,1,6.0,0.5891301495771387,1,6.0
27945.0,3,17.0,1.2142857142857142,10.128468653901832,3,17.0,0.5820858835102031,3,17.0
27950.0,1,1.0,0.07692307692307693,8.801385648399942,1,6.0,0.5664257471242721,1,6.0
27955.0,2,7.0,0.5,9.884222887430882,2,7.0,0.6051276018380485,2,7.0
27960.0,1,0.0,0.0,8.956189078644377,1,4.0,0.6408433588471304,1,4.0
27965.0,0,0.0,0.0,11.593498851331114,0,0.0,0.8192635006411422,0,0.0
27970.0,0,0.0,0.0,12.830394187322671,0,0.0,0.8300878076993838,0,0.0
27975.0,1,4.0,0.4444444444444444,12.745258188095537,1,4.0,0.7858848446882967,1,4.0
27980.0,1,9.0,1.2857142857142858,9.749476623361844,1,9.0,0.7392232804101379,1,9.0
27985.0,2,14.0,1.75,9.838116953286065,2,14.0,0.5832555484558258,2,14.0
27990.0,1,19.0,2.375,10.92799441200987,1,19.0,0.4090370579912126,1,19.0
27995.0,2,24.0,3.4285714285714284,8.0490830954692,2,25.0,0.31741842855752556,2,25.0
28000.0,3,32.0,4.0,6.808188838794574,3,33.0,0.40308260025207143,3,33.0
28005.0,0,0.0,0.0,9.964683178463094,0,1.0,0.7351847981251382,0,1.0
28010.0,0,0.0,0.0,12.088893627561577,0,1.0,0.777736650192446,0,1.0
28015.0,0,0.0,0.0,11.12369377579056,0,1.0,0.7545217791478024,0,1.0
28020.0,0,0.0,0.0,12.436272383021793,0,1.0,0.8293168229606909,0,1.0
28025.0,0,0.0,0.0,13.757302965440946,0,0.0,0.8957340095700543,0,0.0
28030.0,1,0.0,0.0,12.712337165697816,1,0.0,0.7734787854122847,1,0.0
28035.0,1,0.0,0.0,9.571048330423386,1,0.0,0.5856746696508255,1,0.0
28040.0,0,0.0,0.0,9.951297655671036,0,0.0,0.6100940406255259,0,0.0
28045.0,3,5.0,0.3125,8.18942237084661,3,6.0,0.440058094581611,3,6.0
28050.0,3,4.0,0.21052631578947367,7.336951368737896,3,13.0,0.47032390997490836,3,13.0
28055.0,3,7.0,0.3181818181818182,8.210351194010181,3,10.0,0.5238413498930752,3,10.0
28060.0,4,24.0,1.0434782608695652,9.016365288561305,4,25.0,0.5531792624788725,4,25.0
28065.0,2,3.0,0.12,7.860678643034945,2,20.0,0.5088066489394151,2,20.0
28070.0,3,5.0,0.17857142857142858,8.890142779024439,3,8.0,0.5134723649302197,3,8.0
28075.0,3,5.0,0.18518518518518517,8.459351315955876,3,13.0,0.5305558603630689,3,13.0
28080.0,5,22.0,0.7333333333333333,8.321690656002,5,22.0,0.5037646484397938,5,22.0
28085.0,0,0.0,0.0,8.680268505088614,0,18.0,0.518613634492085,0,18.0
28090.0,3,9.0,0.28125,8.347010032796652,3,9.0,0.4928766144360725,3,9.0
28095.0,6,13.0,0.37142857142857144,7.855790706429384,6,24.0,0.44038722765696875,6,24.0
28100.0,4,21.0,0.6176470588235294,8.670186500267363,4,25.0,0.5086344962643975,4,25.0
28105.0,3,5.0,0.14705882352941177,8.352183395707117,3,25.0,0.44812248146315986,3,25.0
28110.0,6,27.0,0.7941176470588235,8.371491210557311,6,32.0,0.45943906642676213,6,32.0
28115.0,2,6.0,0.1935483870967742,8.826709217767206,2,30.0,0.5187059832650495,2,30.0
28120.0,2,6.0,0.1875,9.218580431179333,0,5.0,0.6067579464231831,0,5.0
28125.0,5,24.0,0.8,10.238760860210188,3,10.0,0.6757535386714867,3,10.0
28130.0,7,47.0,1.6785714285714286,8.796617484207333,5,23.0,0.5440933613910622,5,23.0
28135.0,3,20.0,0.7142857142857143,8.77291004984419,3,36.0,0.5652364202577267,3,36.0
28140.0,5,10.0,0.37037037037037035,8.583582356048245,5,48.0,0.49993783795424096,5,48.0
28145.0,0,0.0,0.0,8.202077199525503,0,33.0,0.5908443373843874,0,33.0
28150.0,3,9.0,0.3333333333333333,9.003969552109586,1,17.0,0.5997186705817217,1,17.0
28155.0,3,3.0,0.125,7.5086207242070815,3,22.0,0.4856648019284244,3,22.0
28160.0,6,21.0,0.84,8.736841110026004,6,34.0,0.4736207216748196,6,34.0
28165.0,1,2.0,0.08,8.408209437432852,1,14.0,0.510636144232309,1,14.0
28170.0,6,19.0,0.6785714285714286,8.204096769822998,4,15.0,0.44044692245680206,4,15.0
28175.0,4,9.0,0.34615384615384615,6.039014324151657,4,23.0,0.24558114082562574,4,23.0
28180.0,4,8.0,0.2962962962962963,7.674885258930366,4,24.0,0.3183234582549674,4,24.0
28185.0,1,3.0,0.125,9.472115125527614,1,19.0,0.4945027775235291,1,19.0
28190.0,5,16.0,0.7619047619047619,8.929980963718549,5,24.0,0.4394066899314717,5,24.0
28195.0,2,5.0,0.25,8.83460623415332,2,17.0,0.538820402211796,2,17.0
28200.0,3,2.0,0.08695652173913043,9.495474779690412,3,2.0,0.5592792033297778,3,2.0
28205.0,2,2.0,0.08333333333333333,9.025467948997898,2,2.0,0.5524903907878882,2,2.0
28210.0,3,8.0,0.3333333333333333,10.886801054830604,1,7.0,0.7365762135449508,1,7.0
28215.0,4,18.0,0.75,9.234492003844048,2,12.0,0.5208924807024883,2,12.0
28220.0,1,0.0,0.0,8.692170987643268,0,1.0,0.5200725078807631,0,1.0
28225.0,4,13.0,0.43333333333333335,9.365212492011324,3,13.0,0.5233433005115529,3,13.0
28230.0,0,0.0,0.0,9.795586454053593,0,9.0,0.5660087027172248,0,9.0
28235.0,2,3.0,0.12,10.206547157287304,2,3.0,0.49069829576321206,2,3.0
28240.0,3,17.0,0.7391304347826086,9.961144476409022,3,17.0,0.4582387285647187,3,17.0
28245.0,0,0.0,0.0,9.656075953757377,0,8.0,0.6097652733581949,0,8.0
28250.0,3,8.0,0.36363636363636365,10.405543768993589,3,8.0,0.5434009709106404,3,8.0
28255.0,0,0.0,0.0,9.994026750293761,0,0.0,0.7318873985419526,0,0.0
28260.0,2,3.0,0.15789473684210525,9.8446530280199,2,3.0,0.6484261304917851,2,3.0
28265.0,2,10.0,0.5555555555555556,10.185777404681723,1,8.0,0.6662182794847157,1,8.0
28270.0,5,21.0,1.105263157894737,9.102651885408383,3,13.0,0.6069617949095806,3,13.0
28275.0,2,1.0,0.047619047619047616,9.175011850452822,2,1.0,0.5605146024667043,2,1.0
28280.0,4,15.0,0.6818181818181818,9.480464728169817,4,15.0,0.5112633963577806,4,15.0
28285.0,0,0.0,0.0,9.345478830290324,0,10.0,0.6678609753737905,0,10.0
28290.0,0,0.0,0.0,9.891240342678824,0,0.0,0.6255747335476682,0,0.0
28295.0,2,6.0,0.2857142857142857,10.393727069468097,2,6.0,0.5832025971420214,2,6.0
28300.0,2,1.0,0.05263157894736842,7.222070301864803,2,6.0,0.32558062491494333,2,6.0
28305.0,6,17.0,0.8095238095238095,7.136457834764653,6,18.0,0.2346797000964337,6,18.0
28310.0,3,4.0,0.18181818181818182,6.753745595081824,2,18.0,0.22665562215949286,2,18.0
28315.0,3,11.0,0.4782608695652174,8.566727825178962,3,14.0,0.24166071213563775,3,14.0
28320.0,2,4.0,0.17391304347826086,7.668109137785922,2,16.0,0.19873798414143795,2,16.0
28325.0,5,12.0,0.46153846153846156,7.829982769165982,5,16.0,0.23616008211553086,5,16.0
28330.0,2,1.0,0.041666666666666664,7.096968528629293,2,4.0,0.2517660929660045,2,4.0
28335.0,7,15.0,0.5357142857142857,8.004746936154378,6,16.0,0.15150562327897768,6,16.0
28340.0,5,14.0,0.4827586206896552,8.934241395936704,5,30.0,0.1890677104435373,5,30.0
28345.0,2,4.0,0.16666666666666666,9.748189934565717,1,28.0,0.3252744721640177,1,28.0
28350.0,1,1.0,0.043478260869565216,9.582169860049845,1,22.0,0.14565113376627956,1,22.0
28355.0,4,11.0,0.5238095238095238,9.639608564411734,4,32.0,0.25760487994886416,4,32.0
28360.0,2,5.0,0.21739130434782608,8.683629267781987,2,32.0,0.1664549462803023,2,32.0
28365.0,1,3.0,0.13636363636363635,9.698157123344446,1,13.0,0.291181962738101,1,13.0
28370.0,2,3.0,0.15,7.703669067702404,2,15.0,0.2166117779586603,2,15.0
28375.0,7,24.0,1.0909090909090908,7.818865546219146,7,34.0,0.10162784763541145,7,34.0
28380.0,1,1.0,0.05,9.049591444913471,1,18.0,0.3426578671360407,1,18.0
28385.0,2,7.0,0.3684210526315789,10.026934521120204,2,7.0,0.20880088160825194,2,7.0
28390.0,0,0.0,0.0,9.366506180329338,0,4.0,0.3311152636118076,0,4.0
28395.0,1,0.0,0.0,10.417111467338643,1,0.0,0.21149604235460184,1,0.0
28400.0,0,0.0,0.0,11.372920457958678,0,0.0,0.28840642739337685,0,0.0
28405.0,0,0.0,0.0,11.499870417261985,0,0.0,0.5608333712337736,0,0.0
28410.0,0,0.0,0.0,9.864508180917465,0,0.0,0.33767728181748663,0,0.0
28415.0,2,3.0,0.14285714285714285,10.394638879104159,2,3.0,0.4308491273991783,2,3.0
28420.0,3,10.0,0.43478260869565216,9.385538604521697,3,10.0,0.3699369352378975,3,10.0
28425.0,2,2.0,0.09090909090909091,9.106429193599658,1,2.0,0.41856104692609497,1,2.0
28430.0,3,13.0,0.65,9.477600641137355,2,11.0,0.2689678600618148,2,11.0
28435.0,0,0.0,0.0,8.323259794341013,0,4.0,0.37662953669979266,0,4.0
28440.0,1,4.0,0.2222222222222222,9.659428717090162,1,4.0,0.29951184731655917,1,4.0
28445.0,2,9.0,0.42857142857142855,9.743368839543063,2,9.0,0.3340628088182284,2,9.0
28450.0,1,0.0,0.0,9.282931714803395,0,4.0,0.2999481972484996,0,4.0
28455.0,2,4.0,0.16,10.207636645363417,2,5.0,0.3238014047060855,2,5.0
28460.0,0,0.0,0.0,11.243212031927406,0,1.0,0.4115797488849551,0,1.0
28465.0,2,3.0,0.15,9.825553460111532,2,4.0,0.3024615598162503,2,4.0
28470.0,1,2.0,0.14285714285714285,8.138458765006144,1,3.0,0.24628366063064955,1,3.0
28475.0,3,12.0,0.8571428571428571,10.273233429230983,2,11.0,0.2870826448560877,2,11.0
28480.0,0,0.0,0.0,7.88177647280592,0,7.0,0.17770706741384829,0,7.0
28485.0,3,9.0,1.0,7.747572916618285,3,9.0,0.11851261149689975,3,9.0
28490.0,1,0.0,0.0,7.82503405646782,1,0.0,0.32043604664852826,1,0.0
28495.0,1,5.0,0.45454545454545453,8.767123678045294,1,5.0,0.33875995000987863,1,5.0
28500.0,0,0.0,0.0,8.669562849730772,0,3.0,0.3195031818579727,0,3.0
28505.0,2,6.0,0.5,8.030791146416272,2,6.0,0.19895779277812475,2,6.0
28510.0,2,3.0,0.25,5.5885635447905075,2,11.0,0.156744095523085,2,11.0
28515.0,1,0.0,0.0,8.746747005039351,1,1.0,0.23384170919097738,1,1.0
28520.0,1,0.0,0.0,11.912111487112913,1,0.0,0.38394203733880417,1,0.0
28525.0,2,1.0,0.06666666666666667,10.610859572901195,2,1.0,0.2772328190887469,2,1.0
28530.0,2,8.0,0.5333333333333333,9.680245097472424,2,8.0,0.25212280018260574,2,8.0
28535.0,0,0.0,0.0,9.555497606113773,0,9.0,0.29119207815779596,0,9.0
28540.0,0,0.0,0.0,10.647189372604984,0,0.0,0.36605086025769273,0,0.0
28545.0,0,0.0,0.0,10.991955909377916,0,0.0,0.4604729461834256,0,0.0
28550.0,1,0.0,0.0,9.37801679043304,1,0.0,0.3168429594952308,1,0.0
28555.0,3,4.0,0.21052631578947367,9.688491654630138,3,4.0,0.3129353377732681,3,4.0
28560.0,0,0.0,0.0,9.485297312592946,0,4.0,0.3928984014198198,0,4.0
28565.0,0,0.0,0.0,11.332737388596538,0,0.0,0.46139432964140004,0,0.0
28570.0,2,1.0,0.0625,10.689577116705449,2,1.0,0.2660259257058077,2,1.0
28575.0,2,9.0,0.75,8.590387900316692,2,9.0,0.1922991949252534,2,9.0
28580.0,3,2.0,0.14285714285714285,5.947502318461283,2,11.0,0.15202571000426884,2,11.0
28585.0,1,0.0,0.0,9.952950216801122,0,0.0,0.4850059974027581,0,0.0
28590.0,0,0.0,0.0,11.776739263229462,0,0.0,0.3571092517293671,0,0.0
28595.0,0,0.0,0.0,11.55888271121788,0,0.0,0.29416307705250905,0,0.0
28600.0,2,4.0,0.3333333333333333,9.330467711160962,2,4.0,0.3023853728456385,2,4.0
28605.0,0,0.0,0.0,9.558025660512493,0,0.0,0.3378198489256494,0,0.0
28610.0,2,4.0,0.2857142857142857,10.317951503161408,2,4.0,0.3270705114231308,2,4.0
28615.0,1,9.0,0.6923076923076923,9.872748834846075,1,9.0,0.4907851833064196,1,9.0
28620.0,2,14.0,1.0,10.47498705040862,2,14.0,0.37635531058868715,2,14.0
28625.0,0,0.0,0.0,9.92188065477642,0,0.0,0.46115889830128903,0,0.0
28630.0,4,10.0,0.5263157894736842,8.273232426518613,4,10.0,0.31676720607979253,4,10.0
28635.0,1,2.0,0.11764705882352941,7.878330671247869,1,4.0,0.4093401052419285,1,4.0
28640.0,5,15.0,0.7142857142857143,7.0657230729421565,4,14.0,0.24865939710512433,4,14.0
28645.0,3,1.0,0.047619047619047616,7.20886983157038,3,7.0,0.27667670765635716,3,7.0
28650.0,3,8.0,0.38095238095238093,8.212294412445406,3,8.0,0.26562834608861946,3,8.0
28655.0,3,2.0,0.09090909090909091,8.041817620531127,3,3.0,0.27946174079545716,3,3.0
28660.0,4,14.0,0.6086956521739131,9.80668812116664,4,14.0,0.27222557036410744,4,14.0
28665.0,1,0.0,0.0,8.494367221130407,1,14.0,0.17914267176997772,1,14.0
28670.0,3,9.0,0.47368421052631576,9.804426986269709,3,9.0,0.185040449874008,3,9.0
28675.0,3,24.0,1.6,8.939996338822153,3,24.0,0.2461444117815382,3,24.0
28680.0,1,1.0,0.07142857142857142,7.00702985095361,1,13.0,0.23414112656820826,1,13.0
28685.0,1,0.0,0.0,10.996415010202185,1,1.0,0.38765751216369826,1,1.0
28690.0,1,0.0,0.0,10.200924044495768,1,0.0,0.35166819144403966,1,0.0
28695.0,2,5.0,0.38461538461538464,7.537286076974057,2,5.0,0.35397952541191785,2,5.0
28700.0,0,0.0,0.0,7.885712389984825,0,3.0,0.5462551548503362,0,3.0
28705.0,0,0.0,0.0,11.719209979298093,0,0.0,0.6951078015009543,0,0.0
28710.0,0,0.0,0.0,10.541305211955217,0,0.0,0.6012401077414096,0,0.0
28715.0,3,5.0,0.3125,7.982748843468108,3,5.0,0.4315605096652568,3,5.0
28720.0,2,1.0,0.05555555555555555,8.583813148831716,1,4.0,0.444522767186425,1,4.0
28725.0,3,11.0,0.55,10.440074963032194,2,11.0,0.3826105797922206,2,11.0
28730.0,1,0.0,0.0,8.137897187576005,0,0.0,0.3301073236254516,0,0.0
28735.0,2,9.0,0.5625,7.4344542138678325,2,9.0,0.1995758941707131,2,9.0
28740.0,2,0.0,0.0,7.3716628168792795,1,3.0,0.42607852247635575,1,3.0
28745.0,0,0.0,0.0,12.677272257343729,0,0.0,0.832328775413577,0,0.0
28750.0,0,0.0,0.0,9.802507574080874,0,0.0,0.4145533393370022,0,0.0
28755.0,3,8.0,1.1428571428571428,4.345392395198878,3,8.0,0.3481543781780768,3,8.0
28760.0,1,2.0,0.25,5.837917511565634,1,2.0,0.46438742213141315,1,2.0
28765.0,3,13.0,1.3,5.204658486801604,3,13.0,0.16599269698110938,3,13.0
28770.0,0,0.0,0.0,5.648508963607823,0,8.0,0.23828881227058876,0,8.0
28775.0,2,0.0,0.0,8.310338768871212,2,0.0,0.2987006148654927,2,0.0
28780.0,1,0.0,0.0,10.61702776161458,1,0.0,0.4079010783411267,1,0.0
28785.0,1,0.0,0.0,8.919718332697578,1,0.0,0.38258764228515324,1,0.0
28790.0,3,8.0,0.47058823529411764,7.57954060350814,3,8.0,0.2421863229024035,3,8.0
28795.0,0,0.0,0.0,6.316853951763187,0,8.0,0.21115204745031033,0,8.0
28800.0,3,8.0,0.4444444444444444,6.724739172774142,3,9.0,0.14323135526947434,3,9.0
28805.0,2,18.0,1.125,7.94945333417135,2,20.0,0.20467830371175091,2,20.0
28810.0,1,1.0,0.07692307692307693,8.223912752917695,1,14.0,0.13921877192265075,1,14.0
28815.0,4,13.0,1.3,6.998825387194789,4,15.0,0.001610587770939828,4,15.0
28820.0,1,6.0,0.6666666666666666,8.279278474182503,1,21.0,0.15130886795527337,1,21.0
28825.0,0,0.0,0.0,11.003994350210984,0,0.0,1.0,0,0.0
28830.0,0,0.0,0.0,13.884565558431198,0,0.0,1.0,0,0.0
28835.0,0,0.0,0.0,15.293541879564657,0,0.0,1.0,0,0.0
28840.0,0,0.0,0.0,0.0,0,0.0,1.0,0,0.0
28845.0,0,0.0,0.0,0.0,0,0.0,1.0,0,0.0
28850.0,0,0.0,0.0,0.0,0,0.0,1.0,0,0.0
28855.0,0,0.0,0.0,0.0,0,0.0,1.0,0,0.0
28860.0,0,0.0,0.0,0.0,0,0.0,1.0,0,0.0
28865.0,0,0.0,0.0,0.0,0,0.0,1.0,0,0.0
28870.0,0,0.0,0.0,0.0,0,0.0,1.0,0,0.0
28875.0,0,0.0,0.0,0.0,0,0.0,1.0,0,0.0
28880.0,0,0.0,0.0,0.0,0,0.0,1.0,0,0.0
28885.0,0,0.0,0.0,0.0,0,0.0,1.0,0,0.0
28890.0,0,0.0,0.0,0.0,0,0.0,1.0,0,0.0
28895.0,0,0.0,0.0,0.0,0,0.0,1.0,0,0.0
28900.0,0,0.0,0.0,0.0,0,0.0,1.0,0,0.0
28905.0,0,0.0,0.0,0.0,0,0.0,1.0,0,0.0
28910.0,0,0.0,0.0,0.0,0,0.0,1.0,0,0.0
28915.0,0,0.0,0.0,0.0,0,0.0,1.0,0,0.0
28920.0,0,0.0,0.0,0.0,0,0.0,1.0,0,0.0
28925.0,0,0.0,0.0,0.0,0,0.0,1.0,0,0.0
28930.0,0,0.0,0.0,0.0,0,0.0,1.0,0,0.0
28935.0,0,0.0,0.0,0.0,0,0.0,1.0,0,0.0
28940.0,0,0.0,0.0,0.0,0,0.0,1.0,0,0.0
28945.0,0,0.0,0.0,0.0,0,0.0,1.0,0,0.0
28950.0,0,0.0,0.0,0.0,0,0.0,1.0,0,0.0
28955.0,0,0.0,0.0,0.0,0,0.0,1.0,0,0.0
28960.0,0,0.0,0.0,0.0,0,0.0,1.0,0,0.0
28965.0,0,0.0,0.0,0.0,0,0.0,1.0,0,0.0
28970.0,0,0.0,0.0,0.0,0,0.0,1.0,0,0.0
28975.0,0,0.0,0.0,0.0,0,0.0,1.0,0,0.0
28980.0,0,0.0,0.0,0.0,0,0.0,1.0,0,0.0
28985.0,0,0.0,0.0,0.0,0,0.0,1.0,0,0.0
28990.0,0,0.0,0.0,0.0,0,0.0,1.0,0,0.0
28995.0,0,0.0,0.0,0.0,0,0.0,1.0,0,0.0
29000.0,0,0.0,0.0,0.0,0,0.0,1.0,0,0.0
29005.0,0,0.0,0.0,0.0,0,0.0,1.0,0,0.0
29010.0,0,0.0,0.0,0.0,0,0.0,1.0,0,0.0
29015.0,0,0.0,0.0,0.0,0,0.0,1.0,0,0.0
29020.0,0,0.0,0.0,0.0,0,0.0,1.0,0,0.0
29025.0,0,0.0,0.0,0.0,0,0.0,1.0,0,0.0
29030.0,0,0.0,0.0,0.0,0,0.0,1.0,0,0.0
29035.0,0,0.0,0.0,0.0,0,0.0,1.0,0,0.0
29040.0,0,0.0,0.0,0.0,0,0.0,1.0,0,0.0
29045.0,0,0.0,0.0,0.0,0,0.0,1.0,0,0.0
29050.0,0,0.0,0.0,0.0,0,0.0,1.0,0,0.0
29055.0,0,0.0,0.0,0.0,0,0.0,1.0,0,0.0
29060.0,0,0.0,0.0,0.0,0,0.0,1.0,0,0.0
29065.0,0,0.0,0.0,0.0,0,0.0,1.0,0,0.0
29070.0,0,0.0,0.0,0.0,0,0.0,1.0,0,0.0
29075.0,0,0.0,0.0,0.0,0,0.0,1.0,0,0.0
29080.0,0,0.0,0.0,0.0,0,0.0,1.0,0,0.0
29085.0,0,0.0,0.0,0.0,0,0.0,1.0,0,0.0
29090.0,0,0.0,0.0,0.0,0,0.0,1.0,0,0.0
29095.0,0,0.0,0.0,0.0,0,0.0,1.0,0,0.0
29100.0,0,0.0,0.0,0.0,0,0.0,1.0,0,0.0
29105.0,0,0.0,0.0,0.0,0,0.0,1.0,0,0.0
29110.0,0,0.0,0.0,0.0,0,0.0,1.0,0,0.0
29115.0,0,0.0,0.0,0.0,0,0.0,1.0,0,0.0
29120.0,0,0.0,0.0,0.0,0,0.0,1.0,0,0.0
29125.0,0,0.0,0.0,0.0,0,0.0,1.0,0,0.0
29130.0,0,0.0,0.0,0.0,0,0.0,1.0,0,0.0
29135.0,0,0.0,0.0,0.0,0,0.0,1.0,0,0.0
29140.0,0,0.0,0.0,0.0,0,0.0,1.0,0,0.0
29145.0,0,0.0,0.0,0.0,0,0.0,1.0,0,0.0
29150.0,0,0.0,0.0,0.0,0,0.0,1.0,0,0.0
29155.0,0,0.0,0.0,0.0,0,0.0,1.0,0,0.0
29160.0,0,0.0,0.0,0.0,0,0.0,1.0,0,0.0
29165.0,0,0.0,0.0,0.0,0,0.0,1.0,0,0.0
29170.0,0,0.0,0.0,0.0,0,0.0,1.0,0,0.0
29175.0,0,0.0,0.0,0.0,0,0.0,1.0,0,0.0
29180.0,0,0.0,0.0,0.0,0,0.0,1.0,0,0.0
29185.0,0,0.0,0.0,0.0,0,0.0,1.0,0,0.0
29190.0,0,0.0,0.0,0.0,0,0.0,1.0,0,0.0
29195.0,0,0.0,0.0,0.0,0,0.0,1.0,0,0.0
29200.0,0,0.0,0.0,0.0,0,0.0,1.0,0,0.0
29205.0,0,0.0,0.0,0.0,0,0.0,1.0,0,0.0
29210.0,0,0.0,0.0,0.0,0,0.0,1.0,0,0.0
29215.0,0,0.0,0.0,0.0,0,0.0,1.0,0,0.0
29220.0,0,0.0,0.0,0.0,0,0.0,1.0,0,0.0
29225.0,0,0.0,0.0,0.0,0,0.0,1.0,0,0.0
29230.0,0,0.0,0.0,0.0,0,0.0,1.0,0,0.0
29235.0,0,0.0,0.0,0.0,0,0.0,1.0,0,0.0
29240.0,0,0.0,0.0,0.0,0,0.0,1.0,0,0.0
29245.0,0,0.0,0.0,0.0,0,0.0,1.0,0,0.0
29250.0,0,0.0,0.0,0.0,0,0.0,1.0,0,0.0
29255.0,0,0.0,0.0,0.0,0,0.0,1.0,0,0.0
29260.0,0,0.0,0.0,0.0,0,0.0,1.0,0,0.0
29265.0,0,0.0,0.0,0.0,0,0.0,1.0,0,0.0
29270.0,0,0.0,0.0,0.0,0,0.0,1.0,0,0.0
29275.0,0,0.0,0.0,0.0,0,0.0,1.0,0,0.0
29280.0,0,0.0,0.0,0.0,0,0.0,1.0,0,0.0
29285.0,0,0.0,0.0,0.0,0,0.0,1.0,0,0.0
29290.0,0,0.0,0.0,0.0,0,0.0,1.0,0,0.0
29295.0,0,0.0,0.0,0.0,0,0.0,1.0,0,0.0
29300.0,0,0.0,0.0,0.0,0,0.0,1.0,0,0.0
29305.0,0,0.0,0.0,0.0,0,0.0,1.0,0,0.0
29310.0,0,0.0,0.0,0.0,0,0.0,1.0,0,0.0
29315.0,0,0.0,0.0,0.0,0,0.0,1.0,0,0.0
29320.0,0,0.0,0.0,0.0,0,0.0,1.0,0,0.0
29325.0,0,0.0,0.0,0.0,0,0.0,1.0,0,0.0
29330.0,0,0.0,0.0,0.0,0,0.0,1.0,0,0.0
29335.0,0,0.0,0.0,0.0,0,0.0,1.0,0,0.0
29340.0,0,0.0,0.0,0.0,0,0.0,1.0,0,0.0
29345.0,0,0.0,0.0,0.0,0,0.0,1.0,0,0.0
29350.0,0,0.0,0.0,0.0,0,0.0,1.0,0,0.0
29355.0,0,0.0,0.0,0.0,0,0.0,1.0,0,0.0
29360.0,0,0.0,0.0,0.0,0,0.0,1.0,0,0.0
29365.0,0,0.0,0.0,0.0,0,0.0,1.0,0,0.0
29370.0,0,0.0,0.0,0.0,0,0.0,1.0,0,0.0
29375.0,0,0.0,0.0,0.0,0,0.0,1.0,0,0.0
29380.0,0,0.0,0.0,0.0,0,0.0,1.0,0,0.0
29385.0,0,0.0,0.0,0.0,0,0.0,1.0,0,0.0
29390.0,0,0.0,0.0,0.0,0,0.0,1.0,0,0.0
29395.0,0,0.0,0.0,0.0,0,0.0,1.0,0,0.0
29400.0,0,0.0,0.0,0.0,0,0.0,1.0,0,0.0
29405.0,0,0.0,0.0,0.0,0,0.0,1.0,0,0.0
29410.0,0,0.0,0.0,0.0,0,0.0,1.0,0,0.0
29415.0,0,0.0,0.0,0.0,0,0.0,1.0,0,0.0
29420.0,0,0.0,0.0,0.0,0,0.0,1.0,0,0.0
29425.0,0,0.0,0.0,0.0,0,0.0,1.0,0,0.0
29430.0,0,0.0,0.0,0.0,0,0.0,1.0,0,0.0
29435.0,0,0.0,0.0,0.0,0,0.0,1.0,0,0.0
29440.0,0,0.0,0.0,0.0,0,0.0,1.0,0,0.0
29445.0,0,0.0,0.0,0.0,0,0.0,1.0,0,0.0
29450.0,0,0.0,0.0,0.0,0,0.0,1.0,0,0.0
29455.0,0,0.0,0.0,0.0,0,0.0,1.0,0,0.0
29460.0,0,0.0,0.0,0.0,0,0.0,1.0,0,0.0
29465.0,0,0.0,0.0,0.0,0,0.0,1.0,0,0.0
29470.0,0,0.0,0.0,0.0,0,0.0,1.0,0,0.0
29475.0,0,0.0,0.0,0.0,0,0.0,1.0,0,0.0
29480.0,0,0.0,0.0,0.0,0,0.0,1.0,0,0.0
29485.0,0,0.0,0.0,0.0,0,0.0,1.0,0,0.0
29490.0,0,0.0,0.0,0.0,0,0.0,1.0,0,0.0
29495.0,0,0.0,0.0,0.0,0,0.0,1.0,0,0.0
29500.0,0,0.0,0.0,0.0,0,0.0,1.0,0,0.0
29505.0,0,0.0,0.0,0.0,0,0.0,1.0,0,0.0
29510.0,0,0.0,0.0,0.0,0,0.0,1.0,0,0.0
29515.0,0,0.0,0.0,0.0,0,0.0,1.0,0,0.0
29520.0,0,0.0,0.0,0.0,0,0.0,1.0,0,0.0
29525.0,0,0.0,0.0,0.0,0,0.0,1.0,0,0.0
29530.0,0,0.0,0.0,0.0,0,0.0,1.0,0,0.0
29535.0,0,0.0,0.0,0.0,0,0.0,1.0,0,0.0
29540.0,0,0.0,0.0,0.0,0,0.0,1.0,0,0.0
29545.0,0,0.0,0.0,0.0,0,0.0,1.0,0,0.0
29550.0,0,0.0,0.0,0.0,0,0.0,1.0,0,0.0
29555.0,0,0.0,0.0,0.0,0,0.0,1.0,0,0.0
29560.0,0,0.0,0.0,0.0,0,0.0,1.0,0,0.0
29565.0,0,0.0,0.0,0.0,0,0.0,1.0,0,0.0
29570.0,0,0.0,0.0,0.0,0,0.0,1.0,0,0.0
29575.0,0,0.0,0.0,0.0,0,0.0,1.0,0,0.0
29580.0,0,0.0,0.0,0.0,0,0.0,1.0,0,0.0
29585.0,0,0.0,0.0,0.0,0,0.0,1.0,0,0.0
29590.0,0,0.0,0.0,0.0,0,0.0,1.0,0,0.0
29595.0,0,0.0,0.0,0.0,0,0.0,1.0,0,0.0
29600.0,0,0.0,0.0,0.0,0,0.0,1.0,0,0.0
29605.0,0,0.0,0.0,0.0,0,0.0,1.0,0,0.0
29610.0,0,0.0,0.0,0.0,0,0.0,1.0,0,0.0
29615.0,0,0.0,0.0,0.0,0,0.0,1.0,0,0.0
29620.0,0,0.0,0.0,0.0,0,0.0,1.0,0,0.0
29625.0,0,0.0,0.0,0.0,0,0.0,1.0,0,0.0
29630.0,0,0.0,0.0,0.0,0,0.0,1.0,0,0.0
29635.0,0,0.0,0.0,0.0,0,0.0,1.0,0,0.0
29640.0,0,0.0,0.0,0.0,0,0.0,1.0,0,0.0
29645.0,0,0.0,0.0,0.0,0,0.0,1.0,0,0.0
29650.0,0,0.0,0.0,0.0,0,0.0,1.0,0,0.0
29655.0,0,0.0,0.0,0.0,0,0.0,1.0,0,0.0
29660.0,0,0.0,0.0,0.0,0,0.0,1.0,0,0.0
29665.0,0,0.0,0.0,0.0,0,0.0,1.0,0,0.0
29670.0,0,0.0,0.0,0.0,0,0.0,1.0,0,0.0
29675.0,0,0.0,0.0,0.0,0,0.0,1.0,0,0.0
29680.0,0,0.0,0.0,0.0,0,0.0,1.0,0,0.0
29685.0,0,0.0,0.0,0.0,0,0.0,1.0,0,0.0
29690.0,0,0.0,0.0,0.0,0,0.0,1.0,0,0.0
29695.0,0,0.0,0.0,0.0,0,0.0,1.0,0,0.0
29700.0,0,0.0,0.0,0.0,0,0.0,1.0,0,0.0
29705.0,0,0.0,0.0,0.0,0,0.0,1.0,0,0.0
29710.0,0,0.0,0.0,0.0,0,0.0,1.0,0,0.0
29715.0,0,0.0,0.0,0.0,0,0.0,1.0,0,0.0
29720.0,0,0.0,0.0,0.0,0,0.0,1.0,0,0.0
29725.0,0,0.0,0.0,0.0,0,0.0,1.0,0,0.0
29730.0,0,0.0,0.0,0.0,0,0.0,1.0,0,0.0
29735.0,0,0.0,0.0,0.0,0,0.0,1.0,0,0.0
29740.0,0,0.0,0.0,0.0,0,0.0,1.0,0,0.0
29745.0,0,0.0,0.0,0.0,0,0.0,1.0,0,0.0
29750.0,0,0.0,0.0,0.0,0,0.0,1.0,0,0.0
29755.0,0,0.0,0.0,0.0,0,0.0,1.0,0,0.0
29760.0,0,0.0,0.0,0.0,0,0.0,1.0,0,0.0
29765.0,0,0.0,0.0,0.0,0,0.0,1.0,0,0.0
29770.0,0,0.0,0.0,0.0,0,0.0,1.0,0,0.0
29775.0,0,0.0,0.0,0.0,0,0.0,1.0,0,0.0
29780.0,0,0.0,0.0,0.0,0,0.0,1.0,0,0.0
29785.0,0,0.0,0.0,0.0,0,0.0,1.0,0,0.0
29790.0,0,0.0,0.0,0.0,0,0.0,1.0,0,0.0
29795.0,0,0.0,0.0,0.0,0,0.0,1.0,0,0.0
29800.0,0,0.0,0.0,0.0,0,0.0,1.0,0,0.0
29805.0,0,0.0,0.0,0.0,0,0.0,1.0,0,0.0
29810.0,0,0.0,0.0,0.0,0,0.0,1.0,0,0.0
29815.0,0,0.0,0.0,0.0,0,0.0,1.0,0,0.0
29820.0,0,0.0,0.0,0.0,0,0.0,1.0,0,0.0
29825.0,0,0.0,0.0,0.0,0,0.0,1.0,0,0.0
29830.0,0,0.0,0.0,0.0,0,0.0,1.0,0,0.0
29835.0,0,0.0,0.0,0.0,0,0.0,1.0,0,0.0
29840.0,0,0.0,0.0,0.0,0,0.0,1.0,0,0.0
29845.0,0,0.0,0.0,0.0,0,0.0,1.0,0,0.0
29850.0,0,0.0,0.0,0.0,0,0.0,1.0,0,0.0
29855.0,0,0.0,0.0,0.0,0,0.0,1.0,0,0.0
29860.0,0,0.0,0.0,0.0,0,0.0,1.0,0,0.0
29865.0,0,0.0,0.0,0.0,0,0.0,1.0,0,0.0
29870.0,0,0.0,0.0,0.0,0,0.0,1.0,0,0.0
29875.0,0,0.0,0.0,0.0,0,0.0,1.0,0,0.0
29880.0,0,0.0,0.0,0.0,0,0.0,1.0,0,0.0
29885.0,0,0.0,0.0,0.0,0,0.0,1.0,0,0.0
29890.0,0,0.0,0.0,0.0,0,0.0,1.0,0,0.0
29895.0,0,0.0,0.0,0.0,0,0.0,1.0,0,0.0
29900.0,0,0.0,0.0,0.0,0,0.0,1.0,0,0.0
29905.0,0,0.0,0.0,0.0,0,0.0,1.0,0,0.0
29910.0,0,0.0,0.0,0.0,0,0.0,1.0,0,0.0
29915.0,0,0.0,0.0,0.0,0,0.0,1.0,0,0.0
29920.0,0,0.0,0.0,0.0,0,0.0,1.0,0,0.0
29925.0,0,0.0,0.0,0.0,0,0.0,1.0,0,0.0
29930.0,0,0.0,0.0,0.0,0,0.0,1.0,0,0.0
29935.0,0,0.0,0.0,0.0,0,0.0,1.0,0,0.0
29940.0,0,0.0,0.0,0.0,0,0.0,1.0,0,0.0
29945.0,0,0.0,0.0,0.0,0,0.0,1.0,0,0.0
29950.0,0,0.0,0.0,0.0,0,0.0,1.0,0,0.0
29955.0,0,0.0,0.0,0.0,0,0.0,1.0,0,0.0
29960.0,0,0.0,0.0,0.0,0,0.0,1.0,0,0.0
29965.0,0,0.0,0.0,0.0,0,0.0,1.0,0,0.0
29970.0,0,0.0,0.0,0.0,0,0.0,1.0,0,0.0
29975.0,0,0.0,0.0,0.0,0,0.0,1.0,0,0.0
29980.0,0,0.0,0.0,0.0,0,0.0,1.0,0,0.0
29985.0,0,0.0,0.0,0.0,0,0.0,1.0,0,0.0
29990.0,0,0.0,0.0,0.0,0,0.0,1.0,0,0.0
29995.0,0,0.0,0.0,0.0,0,0.0,1.0,0,0.0
30000.0,0,0.0,0.0,0.0,0,0.0,1.0,0,0.0
30005.0,0,0.0,0.0,0.0,0,0.0,1.0,0,0.0
30010.0,0,0.0,0.0,0.0,0,0.0,1.0,0,0.0
30015.0,0,0.0,0.0,0.0,0,0.0,1.0,0,0.0
30020.0,0,0.0,0.0,0.0,0,0.0,1.0,0,0.0
30025.0,0,0.0,0.0,0.0,0,0.0,1.0,0,0.0
30030.0,0,0.0,0.0,0.0,0,0.0,1.0,0,0.0
30035.0,0,0.0,0.0,0.0,0,0.0,1.0,0,0.0
30040.0,0,0.0,0.0,0.0,0,0.0,1.0,0,0.0
30045.0,0,0.0,0.0,0.0,0,0.0,1.0,0,0.0
30050.0,0,0.0,0.0,0.0,0,0.0,1.0,0,0.0
30055.0,0,0.0,0.0,0.0,0,0.0,1.0,0,0.0
30060.0,0,0.0,0.0,0.0,0,0.0,1.0,0,0.0
30065.0,0,0.0,0.0,0.0,0,0.0,1.0,0,0.0
30070.0,0,0.0,0.0,0.0,0,0.0,1.0,0,0.0
30075.0,0,0.0,0.0,0.0,0,0.0,1.0,0,0.0
30080.0,0,0.0,0.0,0.0,0,0.0,1.0,0,0.0
30085.0,0,0.0,0.0,0.0,0,0.0,1.0,0,0.0
30090.0,0,0.0,0.0,0.0,0,0.0,1.0,0,0.0
30095.0,0,0.0,0.0,0.0,0,0.0,1.0,0,0.0
30100.0,0,0.0,0.0,0.0,0,0.0,1.0,0,0.0
30105.0,0,0.0,0.0,0.0,0,0.0,1.0,0,0.0
30110.0,0,0.0,0.0,0.0,0,0.0,1.0,0,0.0
30115.0,0,0.0,0.0,0.0,0,0.0,1.0,0,0.0
30120.0,0,0.0,0.0,0.0,0,0.0,1.0,0,0.0
30125.0,0,0.0,0.0,0.0,0,0.0,1.0,0,0.0
30130.0,0,0.0,0.0,0.0,0,0.0,1.0,0,0.0
30135.0,0,0.0,0.0,0.0,0,0.0,1.0,0,0.0
30140.0,0,0.0,0.0,0.0,0,0.0,1.0,0,0.0
30145.0,0,0.0,0.0,0.0,0,0.0,1.0,0,0.0
30150.0,0,0.0,0.0,0.0,0,0.0,1.0,0,0.0
30155.0,0,0.0,0.0,0.0,0,0.0,1.0,0,0.0
30160.0,0,0.0,0.0,0.0,0,0.0,1.0,0,0.0
30165.0,0,0.0,0.0,0.0,0,0.0,1.0,0,0.0
30170.0,0,0.0,0.0,0.0,0,0.0,1.0,0,0.0
30175.0,0,0.0,0.0,0.0,0,0.0,1.0,0,0.0
30180.0,0,0.0,0.0,0.0,0,0.0,1.0,0,0.0
30185.0,0,0.0,0.0,0.0,0,0.0,1.0,0,0.0
30190.0,0,0.0,0.0,0.0,0,0.0,1.0,0,0.0
30195.0,0,0.0,0.0,0.0,0,0.0,1.0,0,0.0
30200.0,0,0.0,0.0,0.0,0,0.0,1.0,0,0.0
30205.0,0,0.0,0.0,0.0,0,0.0,1.0,0,0.0
30210.0,0,0.0,0.0,0.0,0,0.0,1.0,0,0.0
30215.0,0,0.0,0.0,0.0,0,0.0,1.0,0,0.0
30220.0,0,0.0,0.0,0.0,0,0.0,1.0,0,0.0
30225.0,0,0.0,0.0,0.0,0,0.0,1.0,0,0.0
30230.0,0,0.0,0.0,0.0,0,0.0,1.0,0,0.0
30235.0,0,0.0,0.0,0.0,0,0.0,1.0,0,0.0
30240.0,0,0.0,0.0,0.0,0,0.0,1.0,0,0.0
30245.0,0,0.0,0.0,0.0,0,0.0,1.0,0,0.0
30250.0,0,0.0,0.0,0.0,0,0.0,1.0,0,0.0
30255.0,0,0.0,0.0,0.0,0,0.0,1.0,0,0.0
30260.0,0,0.0,0.0,0.0,0,0.0,1.0,0,0.0
30265.0,0,0.0,0.0,0.0,0,0.0,1.0,0,0.0
30270.0,0,0.0,0.0,0.0,0,0.0,1.0,0,0.0
30275.0,0,0.0,0.0,0.0,0,0.0,1.0,0,0.0
30280.0,0,0.0,0.0,0.0,0,0.0,1.0,0,0.0
30285.0,0,0.0,0.0,0.0,0,0.0,1.0,0,0.0
30290.0,0,0.0,0.0,0.0,0,0.0,1.0,0,0.0
30295.0,0,0.0,0.0,0.0,0,0.0,1.0,0,0.0
30300.0,0,0.0,0.0,0.0,0,0.0,1.0,0,0.0
30305.0,0,0.0,0.0,0.0,0,0.0,1.0,0,0.0
30310.0,0,0.0,0.0,0.0,0,0.0,1.0,0,0.0
30315.0,0,0.0,0.0,0.0,0,0.0,1.0,0,0.0
30320.0,0,0.0,0.0,0.0,0,0.0,1.0,0,0.0
30325.0,0,0.0,0.0,0.0,0,0.0,1.0,0,0.0
30330.0,0,0.0,0.0,0.0,0,0.0,1.0,0,0.0
30335.0,0,0.0,0.0,0.0,0,0.0,1.0,0,0.0
30340.0,0,0.0,0.0,0.0,0,0.0,1.0,0,0.0
30345.0,0,0.0,0.0,0.0,0,0.0,1.0,0,0.0
30350.0,0,0.0,0.0,0.0,0,0.0,1.0,0,0.0
30355.0,0,0.0,0.0,0.0,0,0.0,1.0,0,0.0
30360.0,0,0.0,0.0,0.0,0,0.0,1.0,0,0.0
30365.0,0,0.0,0.0,0.0,0,0.0,1.0,0,0.0
30370.0,0,0.0,0.0,0.0,0,0.0,1.0,0,0.0
30375.0,0,0.0,0.0,0.0,0,0.0,1.0,0,0.0
30380.0,0,0.0,0.0,0.0,0,0.0,1.0,0,0.0
30385.0,0,0.0,0.0,0.0,0,0.0,1.0,0,0.0
30390.0,0,0.0,0.0,0.0,0,0.0,1.0,0,0.0
30395.0,0,0.0,0.0,0.0,0,0.0,1.0,0,0.0
30400.0,0,0.0,0.0,0.0,0,0.0,1.0,0,0.0
30405.0,0,0.0,0.0,0.0,0,0.0,1.0,0,0.0
30410.0,0,0.0,0.0,0.0,0,0.0,1.0,0,0.0
30415.0,0,0.0,0.0,0.0,0,0.0,1.0,0,0.0
30420.0,0,0.0,0.0,0.0,0,0.0,1.0,0,0.0
30425.0,0,0.0,0.0,0.0,0,0.0,1.0,0,0.0
30430.0,0,0.0,0.0,0.0,0,0.0,1.0,0,0.0
30435.0,0,0.0,0.0,0.0,0,0.0,1.0,0,0.0
30440.0,0,0.0,0.0,0.0,0,0.0,1.0,0,0.0
30445.0,0,0.0,0.0,0.0,0,0.0,1.0,0,0.0
30450.0,0,0.0,0.0,0.0,0,0.0,1.0,0,0.0
30455.0,0,0.0,0.0,0.0,0,0.0,1.0,0,0.0
30460.0,0,0.0,0.0,0.0,0,0.0,1.0,0,0.0
30465.0,0,0.0,0.0,0.0,0,0.0,1.0,0,0.0
30470.0,0,0.0,0.0,0.0,0,0.0,1.0,0,0.0
30475.0,0,0.0,0.0,0.0,0,0.0,1.0,0,0.0
30480.0,0,0.0,0.0,0.0,0,0.0,1.0,0,0.0
30485.0,0,0.0,0.0,0.0,0,0.0,1.0,0,0.0
30490.0,0,0.0,0.0,0.0,0,0.0,1.0,0,0.0
30495.0,0,0.0,0.0,0.0,0,0.0,1.0,0,0.0
30500.0,0,0.0,0.0,0.0,0,0.0,1.0,0,0.0
30505.0,0,0.0,0.0,0.0,0,0.0,1.0,0,0.0
30510.0,0,0.0,0.0,0.0,0,0.0,1.0,0,0.0
30515.0,0,0.0,0.0,0.0,0,0.0,1.0,0,0.0
30520.0,0,0.0,0.0,0.0,0,0.0,1.0,0,0.0
30525.0,0,0.0,0.0,0.0,0,0.0,1.0,0,0.0
30530.0,0,0.0,0.0,0.0,0,0.0,1.0,0,0.0
30535.0,0,0.0,0.0,0.0,0,0.0,1.0,0,0.0
30540.0,0,0.0,0.0,0.0,0,0.0,1.0,0,0.0
30545.0,0,0.0,0.0,0.0,0,0.0,1.0,0,0.0
30550.0,0,0.0,0.0,0.0,0,0.0,1.0,0,0.0
30555.0,0,0.0,0.0,0.0,0,0.0,1.0,0,0.0
30560.0,0,0.0,0.0,0.0,0,0.0,1.0,0,0.0
30565.0,0,0.0,0.0,0.0,0,0.0,1.0,0,0.0
30570.0,0,0.0,0.0,0.0,0,0.0,1.0,0,0.0
30575.0,0,0.0,0.0,0.0,0,0.0,1.0,0,0.0
30580.0,0,0.0,0.0,0.0,0,0.0,1.0,0,0.0
30585.0,0,0.0,0.0,0.0,0,0.0,1.0,0,0.0
30590.0,0,0.0,0.0,0.0,0,0.0,1.0,0,0.0
30595.0,0,0.0,0.0,0.0,0,0.0,1.0,0,0.0
30600.0,0,0.0,0.0,0.0,0,0.0,1.0,0,0.0
