step,system_total_stopped,system_total_waiting_time,system_mean_waiting_time,system_mean_speed,GS_cluster_357187_359543_stopped,GS_cluster_357187_359543_accumulated_waiting_time,GS_cluster_357187_359543_average_speed,agents_total_stopped,agents_total_accumulated_waiting_time
25200.0,0,0.0,0.0,0.0,0,0.0,1.0,0,0.0
25205.0,0,0.0,0.0,0.0,0,0.0,1.0,0,0.0
25210.0,0,0.0,0.0,5.444658578583039,0,0.0,0.5207633143900825,0,0.0
25215.0,0,0.0,0.0,6.734498233752973,0,0.0,0.19723350702863146,0,0.0
25220.0,1,5.0,1.0,3.9976540453788254,1,5.0,0.09114031830248791,1,5.0
25225.0,3,13.0,1.625,5.903772204314568,3,13.0,0.3384490401001114,3,13.0
25230.0,4,27.0,3.375,5.23133553114614,4,27.0,0.3668468713214449,4,27.0
25235.0,4,47.0,5.222222222222222,6.451101328869331,4,47.0,0.37839640198675834,4,47.0
25240.0,4,67.0,7.444444444444445,6.1488868588107595,4,67.0,0.46708477600090254,4,67.0
25245.0,4,87.0,7.909090909090909,6.812934193342688,4,87.0,0.480136978057965,4,87.0
25250.0,1,21.0,1.6153846153846154,7.937088831397251,1,69.0,0.5159402700983976,1,69.0
25255.0,3,2.0,0.14285714285714285,5.847579856855032,2,44.0,0.30591845787497,2,44.0
25260.0,2,1.0,0.07142857142857142,7.104201779182148,2,45.0,0.3399372603235667,2,45.0
25265.0,3,11.0,0.7857142857142857,9.059378914127468,3,55.0,0.3420752196243183,3,55.0
25270.0,0,0.0,0.0,8.610102962802909,0,29.0,0.25786831751819606,0,29.0
25275.0,2,7.0,0.5833333333333334,6.9796451667547075,2,8.0,0.261005029503807,2,8.0
25280.0,2,2.0,0.14285714285714285,6.779889550567508,2,7.0,0.3565044335615824,2,7.0
25285.0,3,0.0,0.0,9.570037252948177,2,3.0,0.5606257225836401,2,3.0
25290.0,2,1.0,0.0625,10.1007656234216,2,3.0,0.5852477017837282,2,3.0
25295.0,4,8.0,0.4444444444444444,7.051441545370866,4,11.0,0.4826025314215994,4,11.0
25300.0,5,27.0,1.2857142857142858,7.091897561384767,5,30.0,0.48112672101601606,5,30.0
25305.0,3,2.0,0.08,6.850750009613016,3,26.0,0.4695790603927312,3,26.0
25310.0,2,12.0,0.4444444444444444,9.304704997620275,2,14.0,0.5539333042824351,2,14.0
25315.0,1,2.0,0.07692307692307693,9.074808680742027,1,6.0,0.5042281894730722,1,6.0
25320.0,3,14.0,0.5833333333333334,10.025747118298575,3,14.0,0.5427462819282644,3,14.0
25325.0,1,0.0,0.0,8.787551746496328,0,11.0,0.48255793448168616,0,11.0
25330.0,2,4.0,0.18181818181818182,9.206753980892257,2,4.0,0.514891239033913,2,4.0
25335.0,2,1.0,0.047619047619047616,10.44596761890052,2,1.0,0.5611459408700344,2,1.0
25340.0,4,11.0,0.5238095238095238,8.021245635304936,4,11.0,0.4190721647824685,4,11.0
25345.0,3,5.0,0.2777777777777778,7.519279503141522,3,11.0,0.43588526209646705,3,11.0
25350.0,4,18.0,0.8181818181818182,9.241284440428387,3,15.0,0.4892078319889068,3,15.0
25355.0,2,2.0,0.09090909090909091,9.673489656690386,2,12.0,0.5480150551426181,2,12.0
25360.0,3,10.0,0.47619047619047616,8.598842499564793,3,11.0,0.49057775467965253,3,11.0
25365.0,4,28.0,1.4,7.884431100253481,4,28.0,0.4423862945261172,4,28.0
25370.0,1,0.0,0.0,6.948645589551835,1,18.0,0.4606453571208402,1,18.0
25375.0,3,6.0,0.24,8.913374006864423,2,5.0,0.5834352842684036,2,5.0
25380.0,1,0.0,0.0,9.29031795737098,1,1.0,0.5093090127185101,1,1.0
25385.0,5,13.0,0.5652173913043478,8.561639074646111,5,13.0,0.5323570339865666,5,13.0
25390.0,7,36.0,1.44,7.423417462153366,7,36.0,0.46623070007610673,7,36.0
25395.0,7,69.0,2.6538461538461537,5.8638907404489995,7,69.0,0.38908205736842455,7,69.0
25400.0,12,121.0,4.033333333333333,5.289587616044778,12,121.0,0.3542408584229804,12,121.0
25405.0,9,64.0,1.9393939393939394,4.9096882162092506,9,135.0,0.30814728175259526,9,135.0
25410.0,7,46.0,1.3142857142857143,6.773213266644769,7,77.0,0.40488774083521123,7,77.0
25415.0,5,10.0,0.2857142857142857,7.308042361435808,4,70.0,0.45717059809508065,4,70.0
25420.0,7,24.0,0.6857142857142857,7.196275881282961,7,57.0,0.4270484452714652,7,57.0
25425.0,5,14.0,0.4375,6.933055794662357,5,56.0,0.40922219498664797,5,56.0
25430.0,6,17.0,0.5151515151515151,7.0870429612676,6,36.0,0.4261247391022019,6,36.0
25435.0,4,4.0,0.11764705882352941,8.100985112255552,3,38.0,0.4743684942615492,3,38.0
25440.0,4,14.0,0.45161290322580644,7.194712041472407,4,33.0,0.46266055082793245,4,33.0
25445.0,10,48.0,1.6551724137931034,6.747396977577728,10,69.0,0.41117155267562,10,69.0
25450.0,5,33.0,1.2222222222222223,6.949400709123349,5,72.0,0.47574021681441064,5,72.0
25455.0,3,4.0,0.15384615384615385,8.29824822479554,3,47.0,0.5442131387164791,3,47.0
25460.0,3,3.0,0.12,8.902720996842806,2,38.0,0.5899431306946546,2,38.0
25465.0,5,18.0,0.75,9.380569269243965,4,40.0,0.6388025213332599,4,40.0
25470.0,6,38.0,1.52,8.776729457864567,3,55.0,0.6309891522050726,3,55.0
25475.0,0,0.0,0.0,8.716510116055394,0,41.0,0.5956150123565304,0,41.0
25480.0,3,11.0,0.4074074074074074,9.430534715900013,3,11.0,0.5397087532197887,3,11.0
25485.0,2,3.0,0.1111111111111111,9.047252991104385,2,12.0,0.5192717142686871,2,12.0
25490.0,1,0.0,0.0,10.000842885011872,1,4.0,0.5872933583554808,1,4.0
25495.0,4,6.0,0.1875,9.063342612902835,4,6.0,0.5606331882412098,4,6.0
25500.0,1,1.0,0.03225806451612903,9.684738296540433,1,2.0,0.5951557355129469,1,2.0
25505.0,3,9.0,0.2571428571428571,9.073625652309133,3,9.0,0.4988643609630202,3,9.0
25510.0,2,4.0,0.11428571428571428,8.037329696799693,1,11.0,0.4533953967680073,1,11.0
25515.0,7,20.0,0.5128205128205128,8.384605012040165,5,13.0,0.50808379246245,5,13.0
25520.0,10,52.0,1.3,8.560652129136283,8,40.0,0.464742753539004,8,40.0
25525.0,2,5.0,0.13513513513513514,8.55529609172785,2,28.0,0.5182247729080715,2,28.0
25530.0,1,2.0,0.05405405405405406,10.71625261694987,0,5.0,0.6448191822198558,0,5.0
25535.0,2,3.0,0.08823529411764706,10.183681364457263,2,4.0,0.5884237406178451,2,4.0
25540.0,3,13.0,0.3939393939393939,10.36586782017706,3,13.0,0.6148247442726792,3,13.0
25545.0,1,0.0,0.0,10.886452129240057,1,3.0,0.6261321331413982,1,3.0
25550.0,4,10.0,0.30303030303030304,9.168004301989166,4,10.0,0.50292494097917,4,10.0
25555.0,6,29.0,0.9354838709677419,8.422688391176822,6,30.0,0.4721565122898359,6,30.0
25560.0,2,4.0,0.13793103448275862,8.281527412788872,2,28.0,0.4995938468519204,2,28.0
25565.0,2,8.0,0.26666666666666666,9.738196586154736,2,12.0,0.5610986972455024,2,12.0
25570.0,1,0.0,0.0,9.092948630773636,0,8.0,0.5855606870417138,0,8.0
25575.0,7,17.0,0.6071428571428571,7.852916587188778,6,18.0,0.4847184677539425,6,18.0
25580.0,2,2.0,0.06896551724137931,6.769168933689135,0,22.0,0.3825495182199957,0,22.0
25585.0,4,19.0,0.59375,8.085349200254285,1,4.0,0.46300299713158904,1,4.0
25590.0,5,27.0,0.8181818181818182,7.431628890829626,2,6.0,0.3628970028459347,2,6.0
25595.0,11,70.0,2.1875,6.303019499816205,6,26.0,0.30150887978810254,6,26.0
25600.0,5,32.0,0.9696969696969697,6.837611422803897,0,26.0,0.3688632297614778,0,26.0
25605.0,3,7.0,0.20588235294117646,7.468749911823591,2,57.0,0.4204083208635414,2,57.0
25610.0,2,2.0,0.05555555555555555,7.6175023425576,1,65.0,0.42130706289562964,1,65.0
25615.0,7,20.0,0.5714285714285714,7.0721188976711975,3,11.0,0.4544291967169736,3,11.0
25620.0,7,23.0,0.5897435897435898,6.917108658681792,2,6.0,0.4229738178149629,2,6.0
25625.0,10,32.0,0.7619047619047619,6.915455547193092,7,44.0,0.4316526831995902,7,44.0
25630.0,5,7.0,0.1590909090909091,6.4938363651301465,5,73.0,0.425508467227183,5,73.0
25635.0,5,15.0,0.32608695652173914,7.260422332779901,5,69.0,0.43163178138253167,5,69.0
25640.0,6,3.0,0.061224489795918366,5.552262159736835,4,76.0,0.35380689926238346,4,76.0
25645.0,10,37.0,0.74,6.7391928323955765,9,89.0,0.3993931969804072,9,89.0
25650.0,16,52.0,1.04,4.900607420421253,12,101.0,0.26600657682541856,12,101.0
25655.0,18,90.0,1.6666666666666667,4.632138815570108,12,146.0,0.22967019187369989,12,146.0
25660.0,19,62.0,1.1481481481481481,3.9872740539187994,12,176.0,0.20834597541061195,12,176.0
25665.0,16,69.0,1.2545454545454546,4.731700530007549,10,194.0,0.2245333213934049,10,194.0
25670.0,16,56.0,0.9655172413793104,4.301779567334966,7,212.0,0.1978252959967625,7,212.0
25675.0,19,84.0,1.4736842105263157,4.198335258256749,13,145.0,0.2273739522829814,13,145.0
25680.0,22,102.0,1.6451612903225807,4.515790064491256,13,173.0,0.23928708997265505,13,173.0
25685.0,21,137.0,2.140625,5.506518338414443,10,137.0,0.30522227682494896,10,137.0
25690.0,28,222.0,3.5238095238095237,5.345056723894164,10,162.0,0.28551099062137647,10,162.0
25695.0,27,308.0,5.220338983050848,4.088448780718913,8,195.0,0.20194757114844622,8,195.0
25700.0,29,394.0,6.677966101694915,3.8344264635715195,11,225.0,0.18804358646716962,11,225.0
25705.0,33,503.0,8.982142857142858,3.273577337135714,15,288.0,0.14585701925383074,15,288.0
25710.0,38,663.0,11.431034482758621,2.552939467760099,20,350.0,0.11438777432061514,20,350.0
25715.0,34,697.0,12.446428571428571,2.365181679813206,16,377.0,0.16495701492995432,16,377.0
25720.0,32,789.0,12.934426229508198,3.865026856602448,13,313.0,0.19958164870509693,13,313.0
25725.0,27,820.0,12.8125,4.421226901308286,7,282.0,0.2311093837983735,7,282.0
25730.0,27,715.0,11.916666666666666,4.558113306187464,9,229.0,0.25663713237937136,9,229.0
25735.0,21,304.0,5.066666666666666,4.625880815877869,10,310.0,0.2387562804271738,10,310.0
25740.0,24,301.0,4.854838709677419,5.833324989257898,10,355.0,0.30047584412478434,10,355.0
25745.0,17,154.0,2.566666666666667,5.756541898449537,6,366.0,0.3050145911587698,6,366.0
25750.0,25,168.0,2.9473684210526314,4.747840476381316,8,344.0,0.22098710859849402,8,344.0
25755.0,19,180.0,3.2142857142857144,4.581741260015805,6,350.0,0.22141319776216964,6,350.0
25760.0,24,255.0,4.636363636363637,5.69767202764834,7,403.0,0.2865468962454098,7,403.0
25765.0,20,307.0,5.7924528301886795,5.364934192948093,6,355.0,0.23100592384672583,6,355.0
25770.0,19,354.0,7.08,5.889480238301222,4,384.0,0.3232413744033699,4,384.0
25775.0,14,202.0,4.122448979591836,5.782219683685011,9,495.0,0.220039634475894,9,495.0
25780.0,13,126.0,2.8,5.610432677952602,11,503.0,0.21252713807258528,11,503.0
25785.0,15,155.0,3.522727272727273,5.003403434761858,14,563.0,0.1218425063849482,14,563.0
25790.0,15,98.0,2.227272727272727,3.872234048701624,15,835.0,0.06108897808599475,15,835.0
25795.0,11,82.0,2.0,4.504205696625664,11,1000.0,0.06705740286636083,11,1000.0
25800.0,14,140.0,3.7837837837837838,5.472935439093552,14,1014.0,0.10665756575578209,14,1014.0
25805.0,8,58.0,1.5263157894736843,6.083344643803002,8,843.0,0.11016918782213858,8,843.0
25810.0,7,38.0,1.0,6.747765607381465,7,481.0,0.09718343132224339,7,481.0
25815.0,8,28.0,0.8484848484848485,6.4540695610794,8,497.0,0.12586970951721055,8,497.0
25820.0,4,28.0,0.9032258064516129,7.635029188107174,4,485.0,0.18772548207968584,4,485.0
25825.0,3,3.0,0.09375,8.063732061692978,3,395.0,0.17434573368948533,3,395.0
25830.0,7,27.0,0.9642857142857143,6.964179594090952,7,230.0,0.13514906182616704,7,230.0
25835.0,4,15.0,0.5769230769230769,6.828347001681397,4,238.0,0.20652889444250216,4,238.0
25840.0,4,17.0,0.7083333333333334,8.782618535932839,3,201.0,0.21036060918662913,3,201.0
25845.0,3,7.0,0.35,8.85844746208818,3,108.0,0.043920557726920585,3,108.0
25850.0,5,32.0,2.2857142857142856,8.527250523502966,5,40.0,6.0068473131473285e-05,5,40.0
25855.0,0,0.0,0.0,9.540021414505457,0,27.0,0.1809108776883811,0,27.0
25860.0,1,0.0,0.0,12.1335253423231,1,0.0,0.0,1,0.0
25865.0,0,0.0,0.0,10.711271721927618,0,0.0,0.37114577344475,0,0.0
25870.0,0,0.0,0.0,9.48866028958256,0,0.0,0.41188521600780026,0,0.0
25875.0,1,0.0,0.0,10.023993468358945,1,0.0,0.2986807731021103,1,0.0
25880.0,0,0.0,0.0,12.332423335494866,0,0.0,0.47010744714522656,0,0.0
25885.0,1,1.0,0.09090909090909091,10.388040279257778,1,1.0,0.41128919584632806,1,1.0
25890.0,3,10.0,0.8333333333333334,7.240195658403853,3,10.0,0.27857055401600167,3,10.0
25895.0,1,0.0,0.0,8.444991445360758,1,5.0,0.281798999685151,1,5.0
25900.0,1,0.0,0.0,10.751008599598688,1,0.0,0.37642523715340176,1,0.0
25905.0,1,0.0,0.0,9.366581270921008,1,0.0,0.2949080340437751,1,0.0
25910.0,3,9.0,0.6428571428571429,7.821777906288836,3,9.0,0.1556555081123925,3,9.0
25915.0,0,0.0,0.0,7.866272678393511,0,6.0,0.3014398922307803,0,6.0
25920.0,2,1.0,0.05555555555555555,10.056094390549525,2,1.0,0.29826342349566254,2,1.0
25925.0,3,7.0,0.3684210526315789,9.213212111704829,3,7.0,0.2098684656401576,3,7.0
25930.0,4,22.0,1.2941176470588236,8.200521833828747,4,22.0,0.1970198618566819,4,22.0
25935.0,1,16.0,0.9411764705882353,7.740612135460962,1,22.0,0.2476336842717641,1,22.0
25940.0,2,21.0,1.105263157894737,9.769086912367614,2,21.0,0.33306554781360187,2,21.0
25945.0,2,2.0,0.10526315789473684,9.736052110790826,2,2.0,0.4248465689956862,2,2.0
25950.0,4,13.0,0.6190476190476191,9.651052275397753,4,13.0,0.31509985090817494,4,13.0
25955.0,1,1.0,0.058823529411764705,9.042427875514285,1,6.0,0.4591509330189147,1,6.0
25960.0,3,7.0,0.35,9.036090312488758,3,7.0,0.41161504188746295,3,7.0
25965.0,3,18.0,0.9,8.668215907807785,3,18.0,0.4490069853494445,3,18.0
25970.0,5,37.0,1.9473684210526316,6.910337305059661,5,37.0,0.36762585975904366,5,37.0
25975.0,6,64.0,3.3684210526315788,5.948527480447903,6,64.0,0.33057531987731925,6,64.0
25980.0,9,99.0,4.714285714285714,5.630875168806231,9,99.0,0.2741627716826289,9,99.0
25985.0,5,39.0,1.8571428571428572,5.433604029804623,5,93.0,0.276458916902721,5,93.0
25990.0,5,17.0,0.8095238095238095,6.483316155274413,5,59.0,0.2685870150840034,5,59.0
25995.0,1,0.0,0.0,5.5320357861148395,1,41.0,0.2135967024504093,1,41.0
26000.0,5,12.0,0.46153846153846156,6.995826831056896,5,53.0,0.2777469835794127,5,53.0
26005.0,3,7.0,0.28,5.535386629007644,3,49.0,0.13486071644314537,3,49.0
26010.0,4,12.0,0.4444444444444444,7.319407599540504,2,39.0,0.2648003038017216,2,39.0
26015.0,3,7.0,0.25,6.1390969985343,3,47.0,0.15911977072083,3,47.0
26020.0,6,26.0,0.896551724137931,7.061034390541954,5,56.0,0.19154080237551582,5,56.0
26025.0,8,29.0,0.9666666666666667,6.8357870355991235,7,61.0,0.14782981860265756,7,61.0
26030.0,6,20.0,0.6451612903225806,7.0723503111037465,6,53.0,0.15561652139636956,6,53.0
26035.0,7,44.0,1.375,8.596326474109174,7,51.0,0.21353226769672615,7,51.0
26040.0,10,83.0,2.59375,6.596836484806552,10,90.0,0.09484796935140882,10,90.0
26045.0,14,146.0,4.171428571428572,5.821746975634636,14,154.0,0.09700668770600167,14,154.0
26050.0,12,97.0,2.9393939393939394,5.101074601018671,12,180.0,0.11703915345035737,12,180.0
26055.0,7,69.0,2.3,5.3345376914853375,7,123.0,0.09140553218437396,7,123.0
26060.0,11,113.0,4.035714285714286,6.299205934430434,11,141.0,0.09649935106081449,11,141.0
26065.0,4,30.0,1.0714285714285714,6.577045311249189,4,123.0,0.12432047741269657,4,123.0
26070.0,5,14.0,0.4827586206896552,8.218599772361081,5,49.0,0.13899354721742221,5,49.0
26075.0,5,15.0,0.5,7.514478430410479,5,59.0,0.11346551767080994,5,59.0
26080.0,5,19.0,0.6551724137931034,8.290862907134038,5,61.0,0.1629535211737191,5,61.0
26085.0,3,21.0,0.875,8.668774118699458,3,62.0,0.22312438702733126,3,62.0
26090.0,3,30.0,1.3043478260869565,7.666752729534688,3,50.0,0.27155632361643744,3,50.0
26095.0,5,41.0,2.1578947368421053,6.086252388030751,4,54.0,0.3179472021240522,4,54.0
26100.0,5,55.0,2.8947368421052633,4.55672240653723,5,70.0,0.2867734472432968,5,70.0
26105.0,5,73.0,3.4761904761904763,4.801996970667487,5,83.0,0.2571814693727426,5,83.0
26110.0,7,101.0,4.04,5.73132681831958,7,111.0,0.29283535694665536,7,111.0
26115.0,2,3.0,0.13043478260869565,5.759453767450797,2,52.0,0.24534435076902852,2,52.0
26120.0,5,19.0,0.9047619047619048,6.137764615782043,4,24.0,0.20580288562938898,4,24.0
26125.0,4,16.0,0.9411764705882353,5.772038651453068,4,39.0,0.15511110859903182,4,39.0
26130.0,2,5.0,0.2777777777777778,5.067586352888111,0,40.0,0.12957715346415827,0,40.0
26135.0,3,15.0,0.8823529411764706,5.392508404729568,1,29.0,0.204312134443513,1,29.0
26140.0,2,25.0,1.4705882352941178,6.625820153944316,0,16.0,0.34229918373656687,0,16.0
26145.0,2,3.0,0.2,5.764292578456845,2,20.0,0.31970751410819614,2,20.0
26150.0,8,31.0,2.066666666666667,4.827340111103935,8,48.0,0.28623878587328505,8,48.0
26155.0,1,0.0,0.0,6.131640249371271,1,53.0,0.4281100381955902,1,53.0
26160.0,1,1.0,0.058823529411764705,7.251418949127333,0,40.0,0.48903075727503426,0,40.0
26165.0,2,6.0,0.2857142857142857,5.620200410520391,2,49.0,0.354870987275841,2,49.0
26170.0,6,21.0,0.84,6.017314721379546,4,44.0,0.3552573693745648,4,44.0
26175.0,10,59.0,2.107142857142857,5.459893404025025,8,72.0,0.27779925985252796,8,72.0
26180.0,7,14.0,0.5185185185185185,5.212829592451324,7,85.0,0.31868480709571567,7,85.0
26185.0,5,24.0,0.8888888888888888,9.113631892895565,5,73.0,0.4732743167613525,5,73.0
26190.0,4,13.0,0.52,7.118905874304211,4,63.0,0.37859067133427393,4,63.0
26195.0,6,24.0,1.0909090909090908,7.006200170787875,4,57.0,0.4762491780652298,4,57.0
26200.0,4,8.0,0.36363636363636365,6.56950542212054,4,65.0,0.4026006797791359,4,65.0
26205.0,6,21.0,0.9545454545454546,8.117881456777592,6,68.0,0.3932563564994456,6,68.0
26210.0,1,1.0,0.05555555555555555,6.102221219057853,1,40.0,0.3236038443892976,1,40.0
26215.0,5,17.0,1.0,6.85321524683598,3,32.0,0.3696086296917154,3,32.0
26220.0,1,4.0,0.23529411764705882,5.2215507108777075,1,27.0,0.2566238871061849,1,27.0
26225.0,2,8.0,0.36363636363636365,8.755261470590266,2,28.0,0.4663360669519008,2,28.0
26230.0,1,0.0,0.0,8.937388377054033,0,0.0,0.5178364956077594,0,0.0
26235.0,5,17.0,0.8947368421052632,7.152389475800329,5,17.0,0.41500966212323326,5,17.0
26240.0,0,0.0,0.0,7.681383208452808,0,6.0,0.43123569413676915,0,6.0
26245.0,1,2.0,0.08333333333333333,11.228182383761252,0,0.0,0.6462779221668884,0,0.0
26250.0,2,3.0,0.14285714285714285,9.937642477438862,2,3.0,0.4914782248223578,2,3.0
26255.0,5,19.0,1.0,7.041858250820297,4,18.0,0.4152396578795457,4,18.0
26260.0,1,0.0,0.0,7.5546571791967825,1,6.0,0.47360670752014344,1,6.0
26265.0,0,0.0,0.0,10.27985825872371,0,0.0,0.5657536181325141,0,0.0
26270.0,3,3.0,0.125,9.25668731859471,3,3.0,0.5253193423032247,3,3.0
26275.0,5,17.0,0.7391304347826086,8.684214038163827,5,17.0,0.5068548083599469,5,17.0
26280.0,3,4.0,0.17391304347826086,7.792358342895868,3,18.0,0.5071395168896398,3,18.0
26285.0,3,7.0,0.28,9.383769653039627,3,7.0,0.5837596027995374,3,7.0
26290.0,2,2.0,0.09090909090909091,8.443819083798488,2,8.0,0.48211929665842057,2,8.0
26295.0,5,19.0,0.95,7.835442503703166,5,19.0,0.4378017972013364,5,19.0
26300.0,7,48.0,2.4,5.11578484632828,7,48.0,0.2977241992186794,7,48.0
26305.0,10,94.0,4.476190476190476,3.99552765812298,10,94.0,0.27555444061201634,10,94.0
26310.0,8,47.0,2.0434782608695654,4.927331185134864,8,106.0,0.30240274012885604,8,106.0
26315.0,4,37.0,1.48,6.774056027936797,4,48.0,0.23753786132455523,4,48.0
26320.0,4,9.0,0.36,6.266136487414444,4,36.0,0.2534027559103269,4,36.0
26325.0,8,30.0,1.3043478260869565,6.144162211440966,8,41.0,0.28478445333265096,8,41.0
26330.0,6,21.0,0.84,5.383339767586055,5,52.0,0.20619612514962987,5,52.0
26335.0,2,12.0,0.4444444444444444,7.365622138164308,2,22.0,0.4079331150618938,2,22.0
26340.0,3,2.0,0.07142857142857142,6.968807692576537,3,20.0,0.35441620636077814,3,20.0
26345.0,9,34.0,1.36,5.936456933631906,9,44.0,0.334986048079728,9,44.0
26350.0,4,12.0,0.46153846153846156,5.944904080772937,4,46.0,0.3298237454775422,4,46.0
26355.0,2,5.0,0.19230769230769232,8.930702999971285,1,12.0,0.4610059099628352,1,12.0
26360.0,1,1.0,0.05263157894736842,10.27342916642092,1,7.0,0.5940935321335701,1,7.0
26365.0,3,11.0,0.6875,7.743166365338883,3,17.0,0.494526303458751,3,17.0
26370.0,1,5.0,0.35714285714285715,6.649459281789326,1,19.0,0.4298284036274442,1,19.0
26375.0,3,11.0,0.7857142857142857,8.364795629671807,3,11.0,0.5348331614154039,3,11.0
26380.0,1,0.0,0.0,7.345328560081424,1,0.0,0.4406082646014034,1,0.0
26385.0,3,2.0,0.11764705882352941,8.149446689768919,3,2.0,0.35777096547290654,3,2.0
26390.0,1,0.0,0.0,10.383498647871447,1,0.0,0.537790241473169,1,0.0
26395.0,3,8.0,0.5333333333333333,10.18372044385459,3,8.0,0.5067654649692855,3,8.0
26400.0,1,0.0,0.0,9.718626634277529,1,0.0,0.5715932315113443,1,0.0
26405.0,3,7.0,0.4117647058823529,10.388016011884176,3,8.0,0.5620948923319043,3,8.0
26410.0,2,17.0,1.2142857142857142,10.482601195950869,2,18.0,0.6119645166307067,2,18.0
26415.0,2,27.0,2.25,11.293488117502603,2,28.0,0.6196467765746814,2,28.0
26420.0,1,3.0,0.3,7.8339907813462215,1,5.0,0.5952180982471299,1,5.0
26425.0,3,8.0,0.6153846153846154,9.895729364631451,3,9.0,0.563036722652133,3,9.0
26430.0,1,0.0,0.0,9.942993068990726,1,1.0,0.6127614829822609,1,1.0
26435.0,0,0.0,0.0,10.306873273253327,0,0.0,0.5679816228166129,0,0.0
26440.0,3,5.0,0.2631578947368421,7.639176877748549,3,5.0,0.5030966745204026,3,5.0
26445.0,1,0.0,0.0,8.861807367699129,1,1.0,0.6072883156238811,1,1.0
26450.0,4,6.0,0.23076923076923078,8.682089910192882,2,3.0,0.5730065406479639,2,3.0
26455.0,1,1.0,0.043478260869565216,9.45283615837901,1,3.0,0.620800257736101,1,3.0
26460.0,2,9.0,0.4090909090909091,9.97530427792362,2,9.0,0.534265044215764,2,9.0
26465.0,6,26.0,1.368421052631579,7.1817794322450785,6,26.0,0.361155398763865,6,26.0
26470.0,9,60.0,3.0,5.234989248313355,9,60.0,0.26690241323961345,9,60.0
26475.0,8,27.0,1.125,3.8312919575731628,7,64.0,0.23132545774605223,7,64.0
26480.0,5,28.0,1.0,6.526209149685319,5,38.0,0.2879749369480901,5,38.0
26485.0,5,9.0,0.32142857142857145,6.561529392807143,5,37.0,0.3398696642133872,5,37.0
26490.0,11,45.0,1.5517241379310345,5.95631527735723,11,55.0,0.32755523017619687,11,55.0
26495.0,5,30.0,1.0714285714285714,6.666178087460601,5,66.0,0.4280233378218252,5,66.0
26500.0,0,0.0,0.0,8.901458171615618,0,20.0,0.5591695479518979,0,20.0
26505.0,3,4.0,0.16,9.43407428169161,3,24.0,0.5749624013546848,3,24.0
26510.0,5,25.0,1.25,8.58491861660366,5,45.0,0.5224457596406081,5,45.0
26515.0,3,6.0,0.3,8.685369396967927,3,34.0,0.5237765409122627,3,34.0
26520.0,1,6.0,0.3,10.033667048042528,1,6.0,0.6763128877575417,1,6.0
26525.0,0,0.0,0.0,9.550299397000718,0,1.0,0.5856866085259993,0,1.0
26530.0,1,0.0,0.0,9.571171242565319,1,0.0,0.5600447981287827,1,0.0
26535.0,2,5.0,0.25,10.549981342879729,2,5.0,0.5949100371554258,2,5.0
26540.0,2,10.0,0.47619047619047616,10.404304500479578,2,10.0,0.5782461681219723,2,10.0
26545.0,1,0.0,0.0,11.2017663332698,1,0.0,0.6755446624342291,1,0.0
26550.0,1,1.0,0.045454545454545456,10.515839579659689,1,1.0,0.6334952116345913,1,1.0
26555.0,0,0.0,0.0,9.320058949985327,0,0.0,0.6770634874397815,0,0.0
26560.0,3,7.0,0.3333333333333333,9.276090148454832,3,7.0,0.5499766517446556,3,7.0
26565.0,5,25.0,1.25,8.064277670837827,4,25.0,0.5142865616870955,4,25.0
26570.0,3,1.0,0.043478260869565216,8.044168442043793,3,19.0,0.46167830071077903,3,19.0
26575.0,3,12.0,0.48,9.366286953376223,3,12.0,0.5325209456880047,3,12.0
26580.0,3,6.0,0.20689655172413793,7.674829740397012,3,19.0,0.42132365471772976,3,19.0
26585.0,3,10.0,0.29411764705882354,7.843226130526957,3,17.0,0.4645886634262151,3,17.0
26590.0,2,1.0,0.02564102564102564,7.701881879148163,2,8.0,0.4184899762368241,2,8.0
26595.0,10,25.0,0.6097560975609756,7.983515947388192,7,21.0,0.42837969375411533,7,21.0
26600.0,5,10.0,0.2564102564102564,6.382450584848606,4,31.0,0.35338064716130235,4,31.0
26605.0,5,11.0,0.28205128205128205,7.700570684823282,5,20.0,0.37869414302238025,5,20.0
26610.0,4,4.0,0.10256410256410256,8.289125079546487,3,16.0,0.3849385120805253,3,16.0
26615.0,8,28.0,0.7777777777777778,8.27459885807435,5,24.0,0.41197244008165684,5,24.0
26620.0,4,8.0,0.22857142857142856,7.906910521955795,4,24.0,0.3649576702567007,4,24.0
26625.0,5,12.0,0.36363636363636365,8.338054432903611,5,26.0,0.41643604339276347,5,26.0
26630.0,1,1.0,0.034482758620689655,8.97285020471366,1,18.0,0.4801089873223428,1,18.0
26635.0,6,19.0,0.6785714285714286,7.9519718881853,4,26.0,0.42939529983516916,4,26.0
26640.0,4,12.0,0.4444444444444444,7.635303655320879,4,33.0,0.4033496240891686,4,33.0
26645.0,5,13.0,0.48148148148148145,7.883318513843153,5,18.0,0.46218006440618603,5,18.0
26650.0,8,32.0,1.103448275862069,7.848119631631087,7,32.0,0.4378298368174577,7,32.0
26655.0,1,2.0,0.07407407407407407,7.931575681001989,1,26.0,0.49319272600737,1,26.0
26660.0,1,5.0,0.1724137931034483,10.385128731181148,1,5.0,0.6617897050691841,1,5.0
26665.0,3,3.0,0.1,9.745552276587382,3,3.0,0.5807036063354125,3,3.0
26670.0,4,17.0,0.5666666666666667,8.64512026994865,4,17.0,0.4866509373931691,4,17.0
26675.0,4,3.0,0.0967741935483871,7.8236510452735395,3,17.0,0.4736134992768223,3,17.0
26680.0,5,10.0,0.2857142857142857,9.846978378805016,4,10.0,0.5116212621164156,4,10.0
26685.0,0,0.0,0.0,9.947750279531217,0,8.0,0.4841492028575202,0,8.0
26690.0,5,9.0,0.28125,8.79973573173012,4,9.0,0.4921437504714438,4,9.0
26695.0,8,31.0,0.9117647058823529,7.622046858442606,8,32.0,0.4300799714746601,8,32.0
26700.0,2,10.0,0.2777777777777778,7.468110387977011,2,35.0,0.5188695249315801,2,35.0
26705.0,4,6.0,0.14285714285714285,8.601500051337942,3,15.0,0.47375445926786197,3,15.0
26710.0,2,3.0,0.06976744186046512,8.365756800375637,2,19.0,0.4264501016676275,2,19.0
26715.0,9,28.0,0.5957446808510638,8.060050200266996,7,33.0,0.38664944747021734,7,33.0
26720.0,9,19.0,0.3877551020408163,7.797839527230303,8,37.0,0.38248911085111137,8,37.0
26725.0,8,25.0,0.4807692307692308,8.188975826599947,8,46.0,0.36329299653616054,8,46.0
26730.0,5,15.0,0.3,7.812934853415528,5,59.0,0.3583065241594518,5,59.0
26735.0,9,31.0,0.5849056603773585,8.368766160082574,9,64.0,0.38693001350086786,9,64.0
26740.0,7,16.0,0.3137254901960784,8.140806291997784,7,69.0,0.3845772596128852,7,69.0
26745.0,8,25.0,0.4807692307692308,7.9105728786396305,6,54.0,0.40089935073896316,6,54.0
26750.0,6,12.0,0.23076923076923078,6.909849413893277,6,55.0,0.36298073401516284,6,55.0
26755.0,9,36.0,0.6923076923076923,7.365421385803635,9,67.0,0.3502512903723733,9,67.0
26760.0,9,26.0,0.5098039215686274,6.642953667385868,9,70.0,0.31542550734738845,9,70.0
26765.0,12,41.0,0.7735849056603774,6.99959085429273,10,63.0,0.3496926764332824,10,63.0
26770.0,11,74.0,1.3214285714285714,6.067909305797346,11,104.0,0.2986054885957976,11,104.0
26775.0,17,144.0,2.6666666666666665,5.637753601463777,17,173.0,0.25408440096456697,17,173.0
26780.0,14,87.0,1.6730769230769231,4.706804664459752,14,190.0,0.23398804025698916,14,190.0
26785.0,13,110.0,2.037037037037037,6.49398629937128,13,161.0,0.25316887263831617,13,161.0
26790.0,14,88.0,1.7959183673469388,5.775764446594755,14,182.0,0.22189475831564995,14,182.0
26795.0,16,87.0,1.9333333333333333,6.039557091088679,16,171.0,0.19510507563658144,16,171.0
26800.0,10,51.0,1.2142857142857142,6.518620420050002,10,192.0,0.2150534517698335,10,192.0
26805.0,5,15.0,0.36585365853658536,7.7628166164576795,5,175.0,0.23539690548405776,5,175.0
26810.0,8,41.0,1.0512820512820513,7.7452246258297235,8,192.0,0.2067981000172876,8,192.0
26815.0,12,88.0,2.588235294117647,5.595382109314903,12,239.0,0.15940593811569737,12,239.0
26820.0,15,156.0,5.2,4.170267123637768,15,307.0,0.2038080946840242,15,307.0
26825.0,16,220.0,8.148148148148149,4.195430772019951,16,366.0,0.25153534787929777,16,366.0
26830.0,16,300.0,11.538461538461538,4.830265503711992,16,446.0,0.24892185304085743,16,446.0
26835.0,16,380.0,16.52173913043478,3.475329461940588,16,526.0,0.20507985859333305,16,526.0
26840.0,15,341.0,14.208333333333334,2.874020831167926,14,545.0,0.1913551177207849,14,545.0
26845.0,10,222.0,8.538461538461538,4.699033662635913,9,441.0,0.23856388743916102,9,441.0
26850.0,6,118.0,3.933333333333333,5.601298207035228,5,467.0,0.23428824676950502,5,467.0
26855.0,4,13.0,0.40625,7.465706788675233,4,486.0,0.3206446719095423,4,486.0
26860.0,4,13.0,0.3939393939393939,7.197065276851516,4,453.0,0.2614840654685295,4,453.0
26865.0,5,8.0,0.21621621621621623,7.309744058309823,5,317.0,0.3166937114959526,5,317.0
26870.0,3,9.0,0.23076923076923078,8.983070635208795,3,232.0,0.4093600592983753,3,232.0
26875.0,1,1.0,0.02702702702702703,9.813975718397028,1,181.0,0.48770140782811866,1,181.0
26880.0,6,15.0,0.39473684210526316,9.031540316235276,6,195.0,0.37263177574022444,6,195.0
26885.0,4,13.0,0.34210526315789475,7.180146532592779,4,166.0,0.31829699178899007,4,166.0
26890.0,3,9.0,0.23684210526315788,8.958215782223863,3,63.0,0.46650125267869863,3,63.0
26895.0,3,7.0,0.1891891891891892,8.014440746451822,3,74.0,0.35106392936474706,3,74.0
26900.0,10,42.0,1.2,6.598701030592231,10,104.0,0.25530142348940854,10,104.0
26905.0,12,64.0,1.6842105263157894,5.794362338628125,11,103.0,0.1644546179070783,11,103.0
26910.0,11,100.0,2.380952380952381,6.411865451869847,10,119.0,0.16022805950313027,10,119.0
26915.0,5,14.0,0.34146341463414637,7.26717256470799,5,90.0,0.25593561828529177,5,90.0
26920.0,6,20.0,0.5,7.331155788276732,6,60.0,0.27319960061715026,6,60.0
26925.0,5,15.0,0.38461538461538464,7.743895002382278,5,64.0,0.31818122263393367,5,64.0
26930.0,6,19.0,0.48717948717948717,8.537557529348426,6,48.0,0.37007328977797627,6,48.0
26935.0,3,3.0,0.07894736842105263,8.156671214767186,3,26.0,0.3811627368212895,3,26.0
26940.0,7,24.0,0.631578947368421,8.289991690912286,7,47.0,0.3272479778077189,7,47.0
26945.0,7,55.0,1.6176470588235294,7.52823190756971,7,78.0,0.33283700817355816,7,78.0
26950.0,9,39.0,1.0833333333333333,5.900874294185322,9,80.0,0.1824791252728901,9,80.0
26955.0,9,42.0,1.1666666666666667,6.546478101853242,9,92.0,0.2083800354005266,9,92.0
26960.0,4,17.0,0.5151515151515151,7.259264567058846,4,89.0,0.23883255550403923,4,89.0
26965.0,3,9.0,0.2647058823529412,6.879226956324003,3,106.0,0.20826998078646913,3,106.0
26970.0,4,10.0,0.29411764705882354,7.548998838266703,4,106.0,0.3125936796305651,4,106.0
26975.0,5,6.0,0.17142857142857143,7.61738290520797,5,74.0,0.2982078660733357,5,74.0
26980.0,2,1.0,0.02702702702702703,7.131839329056848,2,77.0,0.3017953807595387,2,77.0
26985.0,6,17.0,0.4473684210526316,7.58938191175718,5,90.0,0.36045750847807145,5,90.0
26990.0,8,40.0,1.0526315789473684,6.8111487195760585,8,117.0,0.32316111754677945,8,117.0
26995.0,14,98.0,2.5128205128205128,6.756926026008023,14,174.0,0.22183992709350936,14,174.0
27000.0,13,139.0,3.861111111111111,6.029981110919774,13,218.0,0.21246200125452103,13,218.0
27005.0,17,215.0,6.142857142857143,5.632692609567135,16,285.0,0.17005485255332783,16,285.0
27010.0,12,172.0,5.212121212121212,4.9732248500380845,12,307.0,0.11142028383127886,12,307.0
27015.0,6,72.0,2.3225806451612905,6.075779524120657,6,215.0,0.11485690966937337,6,215.0
27020.0,2,3.0,0.10344827586206896,6.179929358000681,2,216.0,0.1389781997691489,2,216.0
27025.0,10,31.0,1.1071428571428572,5.107558778148966,10,242.0,0.07892436542644196,10,242.0
27030.0,10,35.0,1.3461538461538463,3.655556991126405,10,236.0,0.07379288908023937,10,236.0
27035.0,3,9.0,0.3333333333333333,6.143646040605301,3,118.0,0.12732597894704284,3,118.0
27040.0,1,1.0,0.03333333333333333,8.235116530048677,1,48.0,0.2521589207286909,1,48.0
27045.0,0,0.0,0.0,7.8778788476864525,0,21.0,0.28002224000263887,0,21.0
27050.0,9,22.0,0.7586206896551724,6.150672867757347,9,43.0,0.2349404873440292,9,43.0
27055.0,6,19.0,0.6129032258064516,6.626555106823398,6,56.0,0.28883099961402625,6,56.0
27060.0,2,1.0,0.030303030303030304,8.81630769077126,2,21.0,0.35780822749740676,2,21.0
27065.0,3,5.0,0.18518518518518517,7.880381079963676,3,25.0,0.2975890987562336,3,25.0
27070.0,10,36.0,1.44,5.3891562850030335,10,57.0,0.13344914132701924,10,57.0
27075.0,8,32.0,1.2307692307692308,4.416114330318468,8,78.0,0.10377453909176755,8,78.0
27080.0,2,6.0,0.21428571428571427,6.098548571427087,2,48.0,0.12734443387094188,2,48.0
27085.0,2,3.0,0.10344827586206896,7.240454062383688,2,41.0,0.23510299088170505,2,41.0
27090.0,8,30.0,1.1538461538461537,5.964566208514719,8,68.0,0.15680176136253177,8,68.0
27095.0,3,12.0,0.5,4.573620552753874,3,70.0,0.1860090349389439,3,70.0
27100.0,3,8.0,0.3076923076923077,6.269516167862344,3,18.0,0.23670259403899915,3,18.0
27105.0,1,1.0,0.043478260869565216,7.580204749395313,1,17.0,0.28886310987027564,1,17.0
27110.0,4,16.0,0.8,5.417159364289706,4,26.0,0.22075112542600925,4,26.0
27115.0,5,13.0,0.5652173913043478,6.598838187698379,5,30.0,0.2719624636736649,5,30.0
27120.0,1,1.0,0.041666666666666664,7.62999908137224,1,24.0,0.31437596721450567,1,24.0
27125.0,2,6.0,0.24,8.347023924177986,2,30.0,0.3965663552280186,2,30.0
27130.0,5,26.0,1.1818181818181819,7.591873206663235,5,51.0,0.35181429968370426,5,51.0
27135.0,8,60.0,3.3333333333333335,7.508908637100134,8,85.0,0.34249371712787446,8,85.0
27140.0,8,100.0,5.882352941176471,5.180959170345467,8,125.0,0.2921463581687618,8,125.0
27145.0,9,145.0,8.055555555555555,5.349792907970762,9,169.0,0.26858525606395794,9,169.0
27150.0,8,107.0,5.944444444444445,2.725960318755387,8,175.0,0.11493622705204719,8,175.0
27155.0,5,26.0,1.2380952380952381,6.0492595251892185,4,116.0,0.2153654770201057,4,116.0
27160.0,1,2.0,0.10526315789473684,6.778794121951419,1,106.0,0.22946949077855555,1,106.0
27165.0,7,21.0,1.05,6.286517651493676,6,112.0,0.09156265966476873,6,112.0
27170.0,2,10.0,0.5555555555555556,6.995158717413744,2,93.0,0.21491420469523004,2,93.0
27175.0,3,6.0,0.2857142857142857,8.420953235273071,3,44.0,0.1789237579847833,3,44.0
27180.0,3,5.0,0.29411764705882354,6.507411298419172,3,44.0,0.2419549347745253,3,44.0
27185.0,6,19.0,1.0,6.788238234998763,6,57.0,0.16223066454634824,6,57.0
27190.0,1,5.0,0.2631578947368421,8.177850529204898,1,34.0,0.29025494082648495,1,34.0
27195.0,2,5.0,0.2777777777777778,7.7368044069357715,2,6.0,0.24623440491811183,2,6.0
27200.0,5,24.0,1.3333333333333333,7.76901604344204,5,24.0,0.17480559197756335,5,24.0
27205.0,3,8.0,0.47058823529411764,9.314180147044027,3,26.0,0.2506559695068526,3,26.0
27210.0,0,0.0,0.0,11.09945489482138,0,9.0,0.5030923964849343,0,9.0
27215.0,1,2.0,0.2,8.702762370235856,0,0.0,0.005402300230932577,0,0.0
27220.0,2,6.0,0.5454545454545454,7.281743318108446,1,5.0,0.32946126443456625,1,5.0
27225.0,1,10.0,0.8333333333333334,9.32171914337984,1,11.0,0.3302830412763939,1,11.0
27230.0,4,24.0,2.0,5.318293488470238,4,25.0,0.22561194751514338,4,25.0
27235.0,1,0.0,0.0,5.930718238313979,1,7.0,0.23629358063563122,1,7.0
27240.0,2,5.0,0.38461538461538464,8.473952235437098,2,5.0,0.23313255017115564,2,5.0
27245.0,0,0.0,0.0,9.021536986272933,0,1.0,0.38821528716384607,0,1.0
27250.0,0,0.0,0.0,13.766790063856742,0,0.0,1.0,0,0.0
27255.0,0,0.0,0.0,9.793205553553715,0,0.0,0.3671301175441446,0,0.0
27260.0,0,0.0,0.0,10.364175794035393,0,0.0,0.5471681768757208,0,0.0
27265.0,0,0.0,0.0,10.333164115824825,0,0.0,0.37643809404984385,0,0.0
27270.0,2,0.0,0.0,8.18590780307578,1,0.0,0.4012258705576248,1,0.0
27275.0,2,0.0,0.0,9.063459011290133,1,0.0,0.34541441574251863,1,0.0
27280.0,2,0.0,0.0,8.635820224287013,2,0.0,0.3706708948461045,2,0.0
27285.0,2,7.0,0.3888888888888889,8.673916481732654,1,3.0,0.4258121249068717,1,3.0
27290.0,2,1.0,0.05263157894736842,8.213991074495718,2,7.0,0.4206684559442705,2,7.0
27295.0,2,8.0,0.42105263157894735,12.231330399114015,2,9.0,0.6439401329591123,2,9.0
27300.0,0,0.0,0.0,10.351911939352789,0,5.0,0.6897443079956693,0,5.0
27305.0,0,0.0,0.0,12.390595768788321,0,0.0,0.8894946876344706,0,0.0
27310.0,0,0.0,0.0,11.37993343238576,0,0.0,0.7711032858164274,0,0.0
27315.0,1,2.0,0.2222222222222222,9.91521056393437,1,2.0,0.6916299526519207,1,2.0
27320.0,0,0.0,0.0,8.790860070233688,0,0.0,0.6674320244334921,0,0.0
27325.0,1,2.0,0.25,10.255518011362323,1,2.0,0.4558292901441398,1,2.0
27330.0,1,7.0,1.75,9.86105603262766,1,7.0,0.4523667249846807,1,7.0
27335.0,3,14.0,3.5,2.934629600345924,2,14.0,0.0016459400929672826,2,14.0
27340.0,2,24.0,6.0,5.294292247752315,2,24.0,0.0,2,24.0
27345.0,1,12.0,3.0,7.688255307729476,1,12.0,0.0,1,12.0
27350.0,2,17.0,2.125,7.1250573042103085,1,17.0,0.23545468924142046,1,17.0
27355.0,0,0.0,0.0,10.83356360895124,0,0.0,0.9124541878530172,0,0.0
27360.0,0,0.0,0.0,8.47970898104685,0,1.0,0.45152816835404425,0,1.0
27365.0,3,5.0,0.5,6.425820450524563,2,5.0,0.31312949853853417,2,5.0
27370.0,3,17.0,1.5454545454545454,5.751747828578436,3,17.0,0.27811723990775683,3,17.0
27375.0,0,0.0,0.0,7.286408815352073,0,9.0,0.3534074746519139,0,9.0
27380.0,2,2.0,0.2,10.40660321929072,1,1.0,0.0008796831500412654,1,1.0
27385.0,0,0.0,0.0,10.910518098936645,0,0.0,0.2226576692710081,0,0.0
27390.0,1,0.0,0.0,7.709951596466409,1,0.0,0.2924702606557739,1,0.0
27395.0,0,0.0,0.0,10.4627637501535,0,1.0,0.5505473186931112,0,1.0
27400.0,0,0.0,0.0,13.28919115107491,0,1.0,0.624221727447997,0,1.0
27405.0,0,0.0,0.0,12.310643638846665,0,1.0,0.5947459817621384,0,1.0
27410.0,1,5.0,1.25,7.061068995943767,1,6.0,0.3303369104853037,1,6.0
27415.0,2,15.0,3.75,5.611643810040464,2,16.0,0.0,2,16.0
27420.0,2,25.0,4.166666666666667,6.737188731777986,2,26.0,0.15295679237611384,2,26.0
27425.0,3,37.0,5.285714285714286,4.418758115284808,3,38.0,0.16992475669550072,3,38.0
27430.0,4,53.0,5.888888888888889,3.7448755862968373,4,55.0,0.2608715204072626,4,55.0
27435.0,5,78.0,7.8,4.33678189201257,5,79.0,0.2842144280869711,5,79.0
27440.0,0,0.0,0.0,7.01906811299479,0,12.0,0.5226797079635926,0,12.0
27445.0,1,3.0,0.2,10.046539087302223,0,0.0,0.6731193312538146,0,0.0
27450.0,0,0.0,0.0,12.368545715595276,0,0.0,0.7832689406871446,0,0.0
27455.0,1,0.0,0.0,8.144133582282358,0,0.0,0.5082958242423481,0,0.0
27460.0,4,12.0,0.8571428571428571,6.378329807086959,4,12.0,0.42638716761281886,4,12.0
27465.0,2,3.0,0.1875,8.535211411548875,1,3.0,0.6387212416328505,1,3.0
27470.0,3,12.0,0.75,10.573716629061636,2,10.0,0.5201042669057537,2,10.0
27475.0,2,0.0,0.0,8.806555827030897,1,5.0,0.4763805676971133,1,5.0
27480.0,2,3.0,0.25,8.572884539999052,1,3.0,0.5079385777778157,1,3.0
27485.0,0,0.0,0.0,11.412186359454722,0,0.0,0.7387979509459182,0,0.0
27490.0,1,2.0,0.16666666666666666,9.2465984840592,0,0.0,0.5598989789605265,0,0.0
27495.0,3,2.0,0.14285714285714285,7.818845869738298,1,1.0,0.7019882712394283,1,1.0
27500.0,2,12.0,0.9230769230769231,9.877100875803418,1,6.0,0.714613282273679,1,6.0
27505.0,3,22.0,1.5714285714285714,8.441131618715872,2,11.0,0.5879078748937097,2,11.0
27510.0,6,38.0,2.235294117647059,6.972679253568028,5,22.0,0.4641509457599098,5,22.0
27515.0,2,28.0,1.4736842105263157,7.529105428888902,1,11.0,0.48196914642479777,1,11.0
27520.0,4,45.0,2.3684210526315788,9.197371100471598,2,16.0,0.5490735151017463,2,16.0
27525.0,6,37.0,2.0555555555555554,6.209895327485662,5,29.0,0.31205921075423326,5,29.0
27530.0,7,59.0,3.6875,4.483282465845099,7,59.0,0.3062341782388424,7,59.0
27535.0,5,27.0,1.35,4.947664132254678,5,70.0,0.33132323231220995,5,70.0
27540.0,5,52.0,2.260869565217391,8.238184291862003,5,63.0,0.3935368910499181,5,63.0
27545.0,7,77.0,3.85,6.9966223865011115,6,89.0,0.44255314010256147,6,89.0
27550.0,1,1.0,0.047619047619047616,6.4803201318581785,1,60.0,0.3382903843362104,1,60.0
27555.0,7,20.0,0.8,6.160478474698507,7,22.0,0.2852244182299928,7,22.0
27560.0,9,36.0,1.5,4.918667961540983,9,57.0,0.17513891508661178,9,57.0
27565.0,8,59.0,2.4583333333333335,4.703113596509451,8,81.0,0.23645678214286087,8,81.0
27570.0,4,28.0,1.1666666666666667,6.087014441264297,4,57.0,0.371264251297398,4,57.0
27575.0,4,42.0,1.75,6.856457972406712,4,55.0,0.37817699960165596,4,55.0
27580.0,1,3.0,0.14285714285714285,6.383841505699825,1,31.0,0.41297737209127255,1,31.0
27585.0,6,22.0,0.88,6.698754852969831,6,36.0,0.3593423471061043,6,36.0
27590.0,5,22.0,0.8148148148148148,5.756530080577477,5,53.0,0.3175875297021865,5,53.0
27595.0,4,9.0,0.3103448275862069,6.1471117497765775,3,56.0,0.36364654488072407,3,56.0
27600.0,9,24.0,0.7741935483870968,5.785701043912627,9,64.0,0.3626240849229497,9,64.0
27605.0,9,47.0,1.3823529411764706,5.918162609888576,8,81.0,0.3484836237742741,8,81.0
27610.0,6,11.0,0.3235294117647059,5.195606754146642,6,96.0,0.32112205489757284,6,96.0
27615.0,5,13.0,0.37142857142857144,5.669962060890067,4,62.0,0.26652122374466963,4,62.0
27620.0,9,25.0,0.7575757575757576,5.571220015312208,6,65.0,0.25991181969406557,6,65.0
27625.0,14,75.0,2.4193548387096775,4.050644575949623,10,93.0,0.19112028893500432,10,93.0
27630.0,10,60.0,1.875,4.30602037434206,6,95.0,0.23746956302292296,6,95.0
27635.0,12,84.0,2.3333333333333335,5.608535602584222,8,62.0,0.2627522913885796,8,62.0
27640.0,15,96.0,2.6666666666666665,4.907843754165195,13,105.0,0.250292304256427,13,105.0
27645.0,16,119.0,3.3055555555555554,4.913518230260886,15,172.0,0.2584854218051394,15,172.0
27650.0,14,125.0,3.125,4.883098552782011,13,207.0,0.25860488607843496,13,207.0
27655.0,17,133.0,3.1666666666666665,4.723214874625363,14,251.0,0.28663014031548123,14,251.0
27660.0,8,50.0,1.1363636363636365,4.190149360632278,8,243.0,0.23798241682522878,8,243.0
27665.0,6,11.0,0.2391304347826087,5.394094381361477,5,191.0,0.2464524358320734,5,191.0
27670.0,13,34.0,0.7727272727272727,4.487284231294886,10,195.0,0.2245856089117952,10,195.0
27675.0,20,105.0,2.441860465116279,3.3577347016045564,15,216.0,0.15535613422181077,15,216.0
27680.0,14,77.0,1.75,3.3475398572117188,9,246.0,0.1871963239084844,9,246.0
27685.0,12,82.0,1.7826086956521738,4.419306473819932,4,182.0,0.20723169827206192,4,182.0
27690.0,13,95.0,2.375,3.5657041066615576,8,190.0,0.17549105653387256,8,190.0
27695.0,19,79.0,2.0789473684210527,2.577842701936902,15,250.0,0.12783674928648586,15,250.0
27700.0,23,156.0,4.216216216216216,2.631666323072855,17,329.0,0.14073974205931788,17,329.0
27705.0,26,253.0,6.657894736842105,3.0475129402114627,21,423.0,0.15632097623327745,21,423.0
27710.0,22,268.0,7.6571428571428575,3.0562055115345776,18,488.0,0.2054318534200512,18,488.0
27715.0,21,334.0,9.277777777777779,4.203403385513218,17,512.0,0.24691288841863337,17,512.0
27720.0,15,278.0,7.942857142857143,4.626276936833471,13,525.0,0.28048252566930826,13,525.0
27725.0,11,133.0,3.8,4.085252559699557,11,443.0,0.2284460533159636,11,443.0
27730.0,14,159.0,4.542857142857143,4.845337417993013,14,439.0,0.21137927501477727,14,439.0
27735.0,12,56.0,1.6470588235294117,5.032424526552837,10,407.0,0.26402013185572254,10,407.0
27740.0,13,113.0,3.4242424242424243,5.2978989045403315,9,445.0,0.2931433731149004,9,445.0
27745.0,9,89.0,2.78125,4.399589443028487,7,426.0,0.24992146886375435,7,426.0
27750.0,8,41.0,1.28125,4.698548411833004,7,413.0,0.26793233532523525,7,413.0
27755.0,5,7.0,0.23333333333333334,5.147293626279272,4,399.0,0.3571384768140495,4,399.0
27760.0,8,28.0,0.9333333333333333,6.328974886922018,5,446.0,0.3813622094495545,5,446.0
27765.0,8,33.0,1.1379310344827587,6.206138249637881,7,453.0,0.3867198149182741,7,453.0
27770.0,6,27.0,0.9310344827586207,6.556982653706254,4,373.0,0.44546573937369266,4,373.0
27775.0,4,26.0,0.8666666666666667,6.107915514118519,2,317.0,0.41175955406614806,2,317.0
27780.0,8,51.0,1.59375,7.772466521292635,4,315.0,0.48517320554091664,4,315.0
27785.0,6,21.0,0.7241379310344828,7.514504786294876,5,277.0,0.4906110863076008,5,277.0
27790.0,8,18.0,0.6666666666666666,6.440535396230204,5,234.0,0.435550021691282,5,234.0
27795.0,2,8.0,0.2857142857142857,7.080059537785105,2,194.0,0.4595738109435214,2,194.0
27800.0,8,34.0,1.1724137931034482,7.112143365728322,4,161.0,0.48168556383275846,4,161.0
27805.0,4,20.0,0.7142857142857143,8.492780955216606,2,89.0,0.6175788284258464,2,89.0
27810.0,5,26.0,1.0,8.604157039460256,4,35.0,0.6212949674292897,4,35.0
27815.0,3,2.0,0.07692307692307693,7.071896341727298,2,12.0,0.5133002382119307,2,12.0
27820.0,4,11.0,0.4074074074074074,8.16187758656474,2,9.0,0.6027508434359115,2,9.0
27825.0,4,25.0,0.8620689655172413,9.467445155103924,2,10.0,0.5999137041087896,2,10.0
27830.0,4,3.0,0.1,9.40154748738545,4,8.0,0.5526911638936229,4,8.0
27835.0,2,8.0,0.3076923076923077,10.156481049612342,2,9.0,0.6221131336450796,2,9.0
27840.0,0,0.0,0.0,9.088231702048239,0,7.0,0.5261483470123104,0,7.0
27845.0,2,10.0,0.37037037037037035,8.96978632174569,2,11.0,0.5977433962141776,2,11.0
27850.0,4,18.0,0.6923076923076923,7.464019404663982,4,19.0,0.47311806247840693,4,19.0
27855.0,13,64.0,2.3703703703703702,5.1899715969206675,13,66.0,0.33396715438808544,13,66.0
27860.0,11,75.0,2.4193548387096775,5.5295949063603524,11,86.0,0.35461971840545936,11,86.0
27865.0,11,125.0,3.676470588235294,7.249164132404131,11,126.0,0.38561172340145333,11,126.0
27870.0,5,29.0,0.90625,7.292553994008461,5,113.0,0.4158806906956971,5,113.0
27875.0,3,9.0,0.2727272727272727,8.46675521679004,3,32.0,0.4613080970688456,3,32.0
27880.0,2,3.0,0.09375,9.059576655103104,2,29.0,0.4885687681856293,2,29.0
27885.0,6,23.0,0.7666666666666667,8.268434515465076,6,47.0,0.43729892764415884,6,47.0
27890.0,5,19.0,0.6129032258064516,7.365059714406613,4,50.0,0.43624158388180684,4,50.0
27895.0,4,12.0,0.3870967741935484,8.352159312487181,3,30.0,0.4809937033675813,3,30.0
27900.0,4,3.0,0.1,7.883116339746283,3,24.0,0.4979538664824766,3,24.0
27905.0,6,22.0,0.7586206896551724,8.375842997694441,5,39.0,0.493782231482191,5,39.0
27910.0,9,61.0,2.259259259259259,8.061283017681477,8,73.0,0.4284126277041338,8,73.0
27915.0,4,26.0,0.9285714285714286,7.92139779578237,4,75.0,0.432500409314643,4,75.0
27920.0,1,0.0,0.0,10.154449396115346,1,23.0,0.6218598767882841,1,23.0
27925.0,1,0.0,0.0,10.974072206654865,1,3.0,0.6577692893894702,1,3.0
27930.0,1,5.0,0.25,10.41064690894963,1,6.0,0.6155093035625445,1,6.0
27935.0,3,12.0,0.6666666666666666,10.126719629038254,3,13.0,0.5801624130716484,3,13.0
27940.0,4,28.0,1.8666666666666667,8.034346608641021,4,28.0,0.486749233320652,4,28.0
27945.0,0,0.0,0.0,8.353347431977905,0,16.0,0.5701904610428905,0,16.0
27950.0,3,5.0,0.35714285714285715,9.592183807235205,3,5.0,0.5557059721258216,3,5.0
27955.0,0,0.0,0.0,11.14171680186923,0,1.0,0.8243158721363051,0,1.0
27960.0,0,0.0,0.0,11.482144745948919,0,1.0,0.7205017674799847,0,1.0
27965.0,1,0.0,0.0,10.440029952538664,1,1.0,0.7063969433713896,1,1.0
27970.0,3,6.0,0.5,9.533766709258112,3,7.0,0.6544317173648238,3,7.0
27975.0,1,6.0,0.5,10.108382944607749,1,7.0,0.760681015141722,1,7.0
27980.0,1,11.0,0.9166666666666666,11.715100844629054,1,12.0,0.7625283127016761,1,12.0
27985.0,2,16.0,1.7777777777777777,10.404623034664318,2,17.0,0.6044292192442958,2,17.0
27990.0,3,24.0,2.6666666666666665,4.743729903168433,3,25.0,0.21636353716610596,3,25.0
27995.0,2,29.0,2.6363636363636362,4.752920154330387,2,34.0,0.23777417929600345,2,34.0
28000.0,2,33.0,2.5384615384615383,8.842390536553282,2,34.0,0.468917320501545,2,34.0
28005.0,3,43.0,3.909090909090909,7.907797861892235,3,45.0,0.4857765238846561,3,45.0
28010.0,4,58.0,4.833333333333333,7.782872343954291,4,60.0,0.5578302560275299,4,60.0
28015.0,3,63.0,4.5,8.664658870128983,3,64.0,0.6286069661566697,3,64.0
28020.0,2,73.0,5.214285714285714,10.908285855794457,2,74.0,0.7363202011746534,2,74.0
28025.0,2,83.0,6.916666666666667,10.862670621241682,2,84.0,0.7364120145477269,2,84.0
28030.0,3,93.0,7.75,10.059494911483434,3,94.0,0.6454307602276449,3,94.0
28035.0,2,103.0,7.923076923076923,9.381540393835525,2,103.0,0.5159162421944379,2,103.0
28040.0,3,113.0,7.533333333333333,8.819076645239072,3,113.0,0.49711389927839267,3,113.0
28045.0,5,126.0,7.0,7.642752159571568,5,126.0,0.3999300629918727,5,126.0
28050.0,0,0.0,0.0,7.473876009958535,0,11.0,0.473590308607804,0,11.0
28055.0,2,5.0,0.21739130434782608,10.037324759900109,2,5.0,0.5804942686258562,2,5.0
28060.0,2,1.0,0.043478260869565216,10.410466881422863,2,1.0,0.6023671611905536,2,1.0
28065.0,5,11.0,0.4782608695652174,8.784317303655657,5,12.0,0.49439123034786686,5,12.0
28070.0,8,36.0,1.5,7.548954766899474,8,37.0,0.4499584544958797,8,37.0
28075.0,4,8.0,0.3076923076923077,6.988298158437383,4,39.0,0.43875145804661997,4,39.0
28080.0,3,15.0,0.5172413793103449,8.376111922268263,3,17.0,0.5316266269842651,3,17.0
28085.0,3,2.0,0.06451612903225806,7.553631759320096,3,15.0,0.43908729623517145,3,15.0
28090.0,7,20.0,0.625,7.863337810765188,7,21.0,0.4426365473444392,7,21.0
28095.0,9,54.0,1.6363636363636365,8.38922257976846,9,56.0,0.4362881476078549,9,56.0
28100.0,4,17.0,0.53125,8.332412801130788,4,54.0,0.47723288707450734,4,54.0
28105.0,3,12.0,0.35294117647058826,8.677236138448494,3,15.0,0.4324502827184974,3,15.0
28110.0,4,5.0,0.16129032258064516,7.671241363265812,4,21.0,0.43624425764211067,4,21.0
28115.0,5,20.0,0.6451612903225806,7.784993745891482,5,26.0,0.45313032716488016,5,26.0
28120.0,5,40.0,1.1764705882352942,8.709702695456768,5,45.0,0.48721832570719176,5,45.0
28125.0,6,61.0,1.8484848484848484,9.546125318223936,6,65.0,0.5395505546609967,6,65.0
28130.0,8,93.0,3.1,7.955014645963816,8,97.0,0.4420706797638668,8,97.0
28135.0,5,33.0,1.064516129032258,7.93981200362394,5,82.0,0.4705656408463031,5,82.0
28140.0,9,66.0,2.0625,8.233200655888233,9,67.0,0.43984851685272375,9,67.0
28145.0,3,12.0,0.41379310344827586,8.254793062821548,3,49.0,0.5191885425349697,3,49.0
28150.0,3,5.0,0.16129032258064516,9.680167502940948,3,12.0,0.5861624118851477,3,12.0
28155.0,4,19.0,0.6785714285714286,10.01652096372761,4,20.0,0.5313820678014216,4,20.0
28160.0,6,41.0,1.7083333333333333,8.858616205598407,6,42.0,0.4693689740277057,6,42.0
28165.0,3,19.0,0.8636363636363636,8.167457419924391,3,47.0,0.4115116299571452,3,47.0
28170.0,1,1.0,0.045454545454545456,7.478581091739469,1,17.0,0.3898883733599202,1,17.0
28175.0,5,12.0,0.5,8.355595382716572,5,15.0,0.3796899496405776,5,15.0
28180.0,1,1.0,0.043478260869565216,8.075096430423663,1,10.0,0.37197590967238037,1,10.0
28185.0,4,16.0,0.6666666666666666,9.916400901478605,4,17.0,0.48761339241329316,4,17.0
28190.0,2,5.0,0.21739130434782608,10.320237609818815,2,20.0,0.5616028018255848,2,20.0
28195.0,1,0.0,0.0,11.066477612085174,1,0.0,0.6955902359990022,1,0.0
28200.0,2,1.0,0.045454545454545456,10.554092586616495,2,1.0,0.5787933526727904,2,1.0
28205.0,2,3.0,0.13043478260869565,11.455562250409944,2,4.0,0.632637729245914,2,4.0
28210.0,2,8.0,0.38095238095238093,10.92571870557941,1,8.0,0.6913352928883358,1,8.0
28215.0,4,16.0,0.6956521739130435,9.266306417764854,2,13.0,0.5437995795789425,2,13.0
28220.0,5,33.0,1.2692307692307692,8.392408009338807,3,25.0,0.4870131507259258,3,25.0
28225.0,6,56.0,2.074074074074074,9.165020456012686,4,43.0,0.5101122247956119,4,43.0
28230.0,0,0.0,0.0,8.99669500582544,0,11.0,0.45968421943103416,0,11.0
28235.0,5,16.0,0.6153846153846154,10.32886072011293,5,16.0,0.3877897823687083,5,16.0
28240.0,1,1.0,0.05,9.143550972701822,1,14.0,0.5097820816044699,1,14.0
28245.0,2,6.0,0.2608695652173913,10.007741773046478,2,6.0,0.5952358780065725,2,6.0
28250.0,1,11.0,0.5789473684210527,10.574581834523977,1,11.0,0.6205397581204083,1,11.0
28255.0,3,24.0,1.3333333333333333,10.54450286200151,3,24.0,0.5881640486844364,3,24.0
28260.0,2,25.0,1.3888888888888888,9.313154196876868,2,25.0,0.6234723253751523,2,25.0
28265.0,3,36.0,1.7142857142857142,10.364608828663648,3,36.0,0.5959489333265837,3,36.0
28270.0,3,1.0,0.05263157894736842,8.147485639440548,3,2.0,0.4892273807347251,3,2.0
28275.0,6,20.0,0.9523809523809523,7.6942906719725075,6,21.0,0.4355360354428409,6,21.0
28280.0,0,0.0,0.0,8.203661510044729,0,16.0,0.5352365119422103,0,16.0
28285.0,1,1.0,0.043478260869565216,10.871201385403909,1,2.0,0.7275962868427933,1,2.0
28290.0,1,0.0,0.0,11.099127203340979,1,2.0,0.644481218095266,1,2.0
28295.0,2,3.0,0.15,10.094308877213042,2,4.0,0.5814909075915132,2,4.0
28300.0,4,15.0,0.7894736842105263,7.9666943279964055,4,15.0,0.3330834925406398,4,15.0
28305.0,3,1.0,0.045454545454545456,7.475601374720605,3,15.0,0.2645108112511472,3,15.0
28310.0,4,7.0,0.3333333333333333,6.761937695388654,3,8.0,0.23521041019248437,3,8.0
28315.0,1,2.0,0.1,8.073856309810415,1,11.0,0.2582715755952205,1,11.0
28320.0,4,16.0,0.7272727272727273,7.9024512353187255,4,16.0,0.22658637713435317,4,16.0
28325.0,5,8.0,0.32,6.646099348684833,5,22.0,0.16214101319836083,5,22.0
28330.0,4,13.0,0.5,7.221319768279372,4,26.0,0.17992650055145953,4,26.0
28335.0,3,0.0,0.0,6.304808218068784,2,22.0,0.16129553560543186,2,22.0
28340.0,6,14.0,0.4827586206896552,7.919723169685742,6,23.0,0.17268039359033033,6,23.0
28345.0,6,15.0,0.5769230769230769,8.196821785780193,5,33.0,0.1870642591491004,5,33.0
28350.0,3,11.0,0.4583333333333333,8.568547069533379,3,26.0,0.11135716123143931,3,26.0
28355.0,1,1.0,0.043478260869565216,8.951120112270036,1,20.0,0.2641513281053751,1,20.0
28360.0,3,11.0,0.4583333333333333,8.912126346465648,3,26.0,0.16582053435769334,3,26.0
28365.0,3,10.0,0.43478260869565216,8.935098646248866,3,33.0,0.2547893896267092,3,33.0
28370.0,3,9.0,0.375,10.164806487050306,3,22.0,0.320119134570421,3,22.0
28375.0,4,6.0,0.2727272727272727,7.989827157532759,4,25.0,0.18971838933349505,4,25.0
28380.0,3,21.0,1.0,9.72050066197617,3,34.0,0.2570686669418361,3,34.0
28385.0,0,0.0,0.0,9.365292535506926,0,15.0,0.31483456990246395,0,15.0
28390.0,3,9.0,0.45,10.14689937289926,3,9.0,0.24834455368973976,3,9.0
28395.0,1,0.0,0.0,8.558339713315107,1,4.0,0.22574127340864267,1,4.0
28400.0,0,0.0,0.0,10.245668891644037,0,0.0,0.31280265840846505,0,0.0
28405.0,2,1.0,0.05263157894736842,11.395342663673512,2,1.0,0.4577588167510487,2,1.0
28410.0,2,6.0,0.3,7.927408615633406,2,6.0,0.19147081074886438,2,6.0
28415.0,1,4.0,0.2222222222222222,8.199447477168578,1,8.0,0.4042948222084609,1,8.0
28420.0,2,12.0,0.5714285714285714,9.082934062062233,2,12.0,0.3443183386330956,2,12.0
28425.0,3,1.0,0.041666666666666664,8.840025910154317,2,1.0,0.34280601177351405,2,1.0
28430.0,3,11.0,0.4782608695652174,9.624873051563608,3,12.0,0.32542670321922884,3,12.0
28435.0,0,0.0,0.0,8.898028571049299,0,6.0,0.3886756009368511,0,6.0
28440.0,1,2.0,0.08695652173913043,10.612809225905949,1,2.0,0.36513213449836596,1,2.0
28445.0,4,8.0,0.32,9.040951485468321,4,8.0,0.2531982481346039,4,8.0
28450.0,8,29.0,1.1153846153846154,7.465168173196752,7,29.0,0.19215770402446616,7,29.0
28455.0,4,25.0,0.9615384615384616,8.544087599022092,4,38.0,0.19713248346622608,4,38.0
28460.0,5,47.0,1.88,9.283272701619708,5,48.0,0.2301866150915602,5,48.0
28465.0,0,0.0,0.0,8.911674487028414,0,29.0,0.2233050262356032,0,29.0
28470.0,2,10.0,0.625,9.71744327617252,2,10.0,0.16215563148973827,2,10.0
28475.0,2,20.0,1.5384615384615385,10.337104823280875,2,20.0,0.2264070267146393,2,20.0
28480.0,5,40.0,3.6363636363636362,5.905052725832764,5,40.0,0.08173839692585008,5,40.0
28485.0,1,0.0,0.0,6.834081062228733,1,12.0,0.27424981923364744,1,12.0
28490.0,1,2.0,0.125,10.008637466056815,1,2.0,0.23256223429629216,1,2.0
28495.0,0,0.0,0.0,10.155178801794914,0,1.0,0.4040469024506464,0,1.0
28500.0,2,1.0,0.1,8.205632688242826,2,1.0,0.25981881806196,2,1.0
28505.0,1,0.0,0.0,6.707018032105671,1,2.0,0.2236406459728321,1,2.0
28510.0,1,0.0,0.0,7.655559821595109,1,0.0,0.2463834127256949,1,0.0
28515.0,2,2.0,0.14285714285714285,7.274878657372225,2,2.0,0.25050457626464884,2,2.0
28520.0,6,18.0,1.125,6.991461910662319,6,18.0,0.19011357846839738,6,18.0
28525.0,2,8.0,0.47058823529411764,6.766393755251767,2,23.0,0.14880973620942145,2,23.0
28530.0,0,0.0,0.0,9.889312952850212,0,4.0,0.2984767818478034,0,4.0
28535.0,1,3.0,0.17647058823529413,8.820066244240843,1,7.0,0.18722657862714298,1,7.0
28540.0,7,19.0,1.0555555555555556,5.966291216591598,7,23.0,0.1853954263542851,7,23.0
28545.0,3,9.0,0.47368421052631576,5.9941142376070475,3,23.0,0.19572136701018272,3,23.0
28550.0,2,7.0,0.30434782608695654,7.0782877449938875,1,10.0,0.1837051830042567,1,10.0
28555.0,2,1.0,0.047619047619047616,7.662328914037826,2,8.0,0.29809103190458397,2,8.0
28560.0,8,19.0,0.8636363636363636,6.0298062148909075,8,26.0,0.15136798297335727,8,26.0
28565.0,4,14.0,0.6363636363636364,5.934886933817304,4,37.0,0.12742926462077162,4,37.0
28570.0,3,3.0,0.125,7.64267569436331,1,23.0,0.1524413737404941,1,23.0
28575.0,1,1.0,0.043478260869565216,9.078864539558397,1,17.0,0.16360650944863814,1,17.0
28580.0,6,14.0,0.7,5.92024538886203,5,30.0,0.07625498935892791,5,30.0
28585.0,5,13.0,0.7222222222222222,5.834458757690842,4,37.0,0.19729742172448586,4,37.0
28590.0,2,5.0,0.2631578947368421,8.687185928256927,2,18.0,0.14476931508762644,2,18.0
28595.0,2,1.0,0.05,8.36708097677082,2,20.0,0.16488019446043595,2,20.0
28600.0,4,18.0,1.125,6.269512878406156,4,37.0,0.18996417388347234,4,37.0
28605.0,4,12.0,0.75,5.395837176656976,4,41.0,0.08156783885656621,4,41.0
28610.0,3,6.0,0.3,7.3520393477693045,2,24.0,0.17253941543045448,2,24.0
28615.0,1,1.0,0.05263157894736842,7.752302580937685,1,19.0,0.31283812874583294,1,19.0
28620.0,7,18.0,0.9,6.154866237868329,7,36.0,0.20606000758229334,7,36.0
28625.0,10,57.0,2.7142857142857144,5.054152716706521,10,75.0,0.19521790084026877,10,75.0
28630.0,13,112.0,4.3076923076923075,4.633429840064549,13,130.0,0.15632004225758794,13,130.0
28635.0,4,42.0,1.5555555555555556,5.339084471077099,4,110.0,0.24032027246341495,4,110.0
28640.0,4,10.0,0.37037037037037035,6.699874805643519,4,39.0,0.2728984405189327,4,39.0
28645.0,3,8.0,0.2962962962962963,6.994812552704219,2,37.0,0.27346828232247405,2,37.0
28650.0,6,34.0,1.2142857142857142,7.661185290201318,5,54.0,0.21971317505507906,5,54.0
28655.0,3,19.0,0.6551724137931034,6.889894558152907,2,44.0,0.17973691018423507,2,44.0
28660.0,5,35.0,1.1290322580645162,8.085099673308763,4,19.0,0.24810927787715295,4,19.0
28665.0,2,3.0,0.10714285714285714,7.590596461266251,2,21.0,0.1537005439116041,2,21.0
28670.0,7,26.0,0.9629629629629629,8.363001858231382,7,29.0,0.08253633728051674,7,29.0
28675.0,1,0.0,0.0,8.746823932972665,1,28.0,0.19607726356471927,1,28.0
28680.0,0,0.0,0.0,10.666115742036206,0,0.0,0.4122024594582424,0,0.0
28685.0,1,1.0,0.058823529411764705,11.704718080956319,1,1.0,0.265629689242933,1,1.0
28690.0,4,11.0,0.7333333333333333,7.264417696853818,4,11.0,0.19914044160400796,4,11.0
28695.0,0,0.0,0.0,7.861904791365661,0,10.0,0.3748561025050154,0,10.0
28700.0,0,0.0,0.0,10.155200111361836,0,0.0,0.686679776947581,0,0.0
28705.0,2,4.0,0.25,9.020963190650768,1,0.0,0.5794307273542801,1,0.0
28710.0,2,6.0,0.375,8.504711100115149,2,6.0,0.5172287749600816,2,6.0
28715.0,0,0.0,0.0,8.510478327847409,0,8.0,0.5280840409272854,0,8.0
28720.0,1,0.0,0.0,11.850424617063187,0,0.0,0.6574298867649102,0,0.0
28725.0,1,0.0,0.0,8.916008580627246,0,0.0,0.6384500934774461,0,0.0
28730.0,4,4.0,0.26666666666666666,7.775947148475047,3,4.0,0.41341650920801043,3,4.0
28735.0,1,1.0,0.0625,6.071473935430376,1,1.0,0.2451916034154162,1,1.0
28740.0,4,11.0,0.5789473684210527,9.89331998332588,3,11.0,0.34692377095510213,3,11.0
28745.0,0,0.0,0.0,8.738364833927347,0,0.0,0.3798059270292235,0,0.0
28750.0,3,10.0,1.0,6.369300159698069,3,10.0,0.26553717071139643,3,10.0
28755.0,0,0.0,0.0,6.031489464442474,0,7.0,0.45214296984004054,0,7.0
28760.0,1,1.0,0.09090909090909091,10.144448751894641,1,1.0,0.4549204278640985,1,1.0
28765.0,0,0.0,0.0,7.005952056950709,0,0.0,0.350708295551654,0,0.0
28770.0,1,0.0,0.0,8.174784169204024,1,0.0,0.3614835844009913,1,0.0
28775.0,1,0.0,0.0,11.201648136488902,1,0.0,0.35963798645961287,1,0.0
28780.0,3,4.0,0.25,8.267182245969922,3,4.0,0.25062803075447,3,4.0
28785.0,4,8.0,0.5,6.348428220110781,4,10.0,0.3221247326237031,4,10.0
28790.0,6,23.0,1.2105263157894737,7.365365205752216,6,23.0,0.2417790930470084,6,23.0
28795.0,1,1.0,0.05555555555555555,6.8934384413766345,1,14.0,0.20407324226980522,1,14.0
28800.0,3,7.0,0.4117647058823529,7.028351966882401,3,10.0,0.10071721544845275,3,10.0
28805.0,4,10.0,0.7142857142857143,5.409432745226562,4,23.0,0.04870965939119823,4,23.0
28810.0,1,7.0,0.5,8.164177418675854,1,25.0,0.19017012654891383,1,25.0
28815.0,1,12.0,1.0,11.1572315244969,1,18.0,0.3055129979457501,1,18.0
28820.0,1,1.0,0.125,10.125744112878087,1,7.0,0.01573559876174569,1,7.0
28825.0,2,10.0,2.0,7.2470009271666145,2,16.0,9.183474090244774e-06,2,16.0
28830.0,0,0.0,0.0,8.298312513957333,0,9.0,0.16396081366698864,0,9.0
28835.0,0,0.0,0.0,11.701913732273525,0,0.0,1.0,0,0.0
28840.0,0,0.0,0.0,16.81089816149818,0,0.0,1.0,0,0.0
28845.0,0,0.0,0.0,12.708070286060266,0,0.0,1.0,0,0.0
28850.0,0,0.0,0.0,0.0,0,0.0,1.0,0,0.0
28855.0,0,0.0,0.0,0.0,0,0.0,1.0,0,0.0
28860.0,0,0.0,0.0,0.0,0,0.0,1.0,0,0.0
28865.0,0,0.0,0.0,0.0,0,0.0,1.0,0,0.0
28870.0,0,0.0,0.0,0.0,0,0.0,1.0,0,0.0
28875.0,0,0.0,0.0,0.0,0,0.0,1.0,0,0.0
28880.0,0,0.0,0.0,0.0,0,0.0,1.0,0,0.0
28885.0,0,0.0,0.0,0.0,0,0.0,1.0,0,0.0
28890.0,0,0.0,0.0,0.0,0,0.0,1.0,0,0.0
28895.0,0,0.0,0.0,0.0,0,0.0,1.0,0,0.0
28900.0,0,0.0,0.0,0.0,0,0.0,1.0,0,0.0
28905.0,0,0.0,0.0,0.0,0,0.0,1.0,0,0.0
28910.0,0,0.0,0.0,0.0,0,0.0,1.0,0,0.0
28915.0,0,0.0,0.0,0.0,0,0.0,1.0,0,0.0
28920.0,0,0.0,0.0,0.0,0,0.0,1.0,0,0.0
28925.0,0,0.0,0.0,0.0,0,0.0,1.0,0,0.0
28930.0,0,0.0,0.0,0.0,0,0.0,1.0,0,0.0
28935.0,0,0.0,0.0,0.0,0,0.0,1.0,0,0.0
28940.0,0,0.0,0.0,0.0,0,0.0,1.0,0,0.0
28945.0,0,0.0,0.0,0.0,0,0.0,1.0,0,0.0
28950.0,0,0.0,0.0,0.0,0,0.0,1.0,0,0.0
28955.0,0,0.0,0.0,0.0,0,0.0,1.0,0,0.0
28960.0,0,0.0,0.0,0.0,0,0.0,1.0,0,0.0
28965.0,0,0.0,0.0,0.0,0,0.0,1.0,0,0.0
28970.0,0,0.0,0.0,0.0,0,0.0,1.0,0,0.0
28975.0,0,0.0,0.0,0.0,0,0.0,1.0,0,0.0
28980.0,0,0.0,0.0,0.0,0,0.0,1.0,0,0.0
28985.0,0,0.0,0.0,0.0,0,0.0,1.0,0,0.0
28990.0,0,0.0,0.0,0.0,0,0.0,1.0,0,0.0
28995.0,0,0.0,0.0,0.0,0,0.0,1.0,0,0.0
29000.0,0,0.0,0.0,0.0,0,0.0,1.0,0,0.0
29005.0,0,0.0,0.0,0.0,0,0.0,1.0,0,0.0
29010.0,0,0.0,0.0,0.0,0,0.0,1.0,0,0.0
29015.0,0,0.0,0.0,0.0,0,0.0,1.0,0,0.0
29020.0,0,0.0,0.0,0.0,0,0.0,1.0,0,0.0
29025.0,0,0.0,0.0,0.0,0,0.0,1.0,0,0.0
29030.0,0,0.0,0.0,0.0,0,0.0,1.0,0,0.0
29035.0,0,0.0,0.0,0.0,0,0.0,1.0,0,0.0
29040.0,0,0.0,0.0,0.0,0,0.0,1.0,0,0.0
29045.0,0,0.0,0.0,0.0,0,0.0,1.0,0,0.0
29050.0,0,0.0,0.0,0.0,0,0.0,1.0,0,0.0
29055.0,0,0.0,0.0,0.0,0,0.0,1.0,0,0.0
29060.0,0,0.0,0.0,0.0,0,0.0,1.0,0,0.0
29065.0,0,0.0,0.0,0.0,0,0.0,1.0,0,0.0
29070.0,0,0.0,0.0,0.0,0,0.0,1.0,0,0.0
29075.0,0,0.0,0.0,0.0,0,0.0,1.0,0,0.0
29080.0,0,0.0,0.0,0.0,0,0.0,1.0,0,0.0
29085.0,0,0.0,0.0,0.0,0,0.0,1.0,0,0.0
29090.0,0,0.0,0.0,0.0,0,0.0,1.0,0,0.0
29095.0,0,0.0,0.0,0.0,0,0.0,1.0,0,0.0
29100.0,0,0.0,0.0,0.0,0,0.0,1.0,0,0.0
29105.0,0,0.0,0.0,0.0,0,0.0,1.0,0,0.0
29110.0,0,0.0,0.0,0.0,0,0.0,1.0,0,0.0
29115.0,0,0.0,0.0,0.0,0,0.0,1.0,0,0.0
29120.0,0,0.0,0.0,0.0,0,0.0,1.0,0,0.0
29125.0,0,0.0,0.0,0.0,0,0.0,1.0,0,0.0
29130.0,0,0.0,0.0,0.0,0,0.0,1.0,0,0.0
29135.0,0,0.0,0.0,0.0,0,0.0,1.0,0,0.0
29140.0,0,0.0,0.0,0.0,0,0.0,1.0,0,0.0
29145.0,0,0.0,0.0,0.0,0,0.0,1.0,0,0.0
29150.0,0,0.0,0.0,0.0,0,0.0,1.0,0,0.0
29155.0,0,0.0,0.0,0.0,0,0.0,1.0,0,0.0
29160.0,0,0.0,0.0,0.0,0,0.0,1.0,0,0.0
29165.0,0,0.0,0.0,0.0,0,0.0,1.0,0,0.0
29170.0,0,0.0,0.0,0.0,0,0.0,1.0,0,0.0
29175.0,0,0.0,0.0,0.0,0,0.0,1.0,0,0.0
29180.0,0,0.0,0.0,0.0,0,0.0,1.0,0,0.0
29185.0,0,0.0,0.0,0.0,0,0.0,1.0,0,0.0
29190.0,0,0.0,0.0,0.0,0,0.0,1.0,0,0.0
29195.0,0,0.0,0.0,0.0,0,0.0,1.0,0,0.0
29200.0,0,0.0,0.0,0.0,0,0.0,1.0,0,0.0
29205.0,0,0.0,0.0,0.0,0,0.0,1.0,0,0.0
29210.0,0,0.0,0.0,0.0,0,0.0,1.0,0,0.0
29215.0,0,0.0,0.0,0.0,0,0.0,1.0,0,0.0
29220.0,0,0.0,0.0,0.0,0,0.0,1.0,0,0.0
29225.0,0,0.0,0.0,0.0,0,0.0,1.0,0,0.0
29230.0,0,0.0,0.0,0.0,0,0.0,1.0,0,0.0
29235.0,0,0.0,0.0,0.0,0,0.0,1.0,0,0.0
29240.0,0,0.0,0.0,0.0,0,0.0,1.0,0,0.0
29245.0,0,0.0,0.0,0.0,0,0.0,1.0,0,0.0
29250.0,0,0.0,0.0,0.0,0,0.0,1.0,0,0.0
29255.0,0,0.0,0.0,0.0,0,0.0,1.0,0,0.0
29260.0,0,0.0,0.0,0.0,0,0.0,1.0,0,0.0
29265.0,0,0.0,0.0,0.0,0,0.0,1.0,0,0.0
29270.0,0,0.0,0.0,0.0,0,0.0,1.0,0,0.0
29275.0,0,0.0,0.0,0.0,0,0.0,1.0,0,0.0
29280.0,0,0.0,0.0,0.0,0,0.0,1.0,0,0.0
29285.0,0,0.0,0.0,0.0,0,0.0,1.0,0,0.0
29290.0,0,0.0,0.0,0.0,0,0.0,1.0,0,0.0
29295.0,0,0.0,0.0,0.0,0,0.0,1.0,0,0.0
29300.0,0,0.0,0.0,0.0,0,0.0,1.0,0,0.0
29305.0,0,0.0,0.0,0.0,0,0.0,1.0,0,0.0
29310.0,0,0.0,0.0,0.0,0,0.0,1.0,0,0.0
29315.0,0,0.0,0.0,0.0,0,0.0,1.0,0,0.0
29320.0,0,0.0,0.0,0.0,0,0.0,1.0,0,0.0
29325.0,0,0.0,0.0,0.0,0,0.0,1.0,0,0.0
29330.0,0,0.0,0.0,0.0,0,0.0,1.0,0,0.0
29335.0,0,0.0,0.0,0.0,0,0.0,1.0,0,0.0
29340.0,0,0.0,0.0,0.0,0,0.0,1.0,0,0.0
29345.0,0,0.0,0.0,0.0,0,0.0,1.0,0,0.0
29350.0,0,0.0,0.0,0.0,0,0.0,1.0,0,0.0
29355.0,0,0.0,0.0,0.0,0,0.0,1.0,0,0.0
29360.0,0,0.0,0.0,0.0,0,0.0,1.0,0,0.0
29365.0,0,0.0,0.0,0.0,0,0.0,1.0,0,0.0
29370.0,0,0.0,0.0,0.0,0,0.0,1.0,0,0.0
29375.0,0,0.0,0.0,0.0,0,0.0,1.0,0,0.0
29380.0,0,0.0,0.0,0.0,0,0.0,1.0,0,0.0
29385.0,0,0.0,0.0,0.0,0,0.0,1.0,0,0.0
29390.0,0,0.0,0.0,0.0,0,0.0,1.0,0,0.0
29395.0,0,0.0,0.0,0.0,0,0.0,1.0,0,0.0
29400.0,0,0.0,0.0,0.0,0,0.0,1.0,0,0.0
29405.0,0,0.0,0.0,0.0,0,0.0,1.0,0,0.0
29410.0,0,0.0,0.0,0.0,0,0.0,1.0,0,0.0
29415.0,0,0.0,0.0,0.0,0,0.0,1.0,0,0.0
29420.0,0,0.0,0.0,0.0,0,0.0,1.0,0,0.0
29425.0,0,0.0,0.0,0.0,0,0.0,1.0,0,0.0
29430.0,0,0.0,0.0,0.0,0,0.0,1.0,0,0.0
29435.0,0,0.0,0.0,0.0,0,0.0,1.0,0,0.0
29440.0,0,0.0,0.0,0.0,0,0.0,1.0,0,0.0
29445.0,0,0.0,0.0,0.0,0,0.0,1.0,0,0.0
29450.0,0,0.0,0.0,0.0,0,0.0,1.0,0,0.0
29455.0,0,0.0,0.0,0.0,0,0.0,1.0,0,0.0
29460.0,0,0.0,0.0,0.0,0,0.0,1.0,0,0.0
29465.0,0,0.0,0.0,0.0,0,0.0,1.0,0,0.0
29470.0,0,0.0,0.0,0.0,0,0.0,1.0,0,0.0
29475.0,0,0.0,0.0,0.0,0,0.0,1.0,0,0.0
29480.0,0,0.0,0.0,0.0,0,0.0,1.0,0,0.0
29485.0,0,0.0,0.0,0.0,0,0.0,1.0,0,0.0
29490.0,0,0.0,0.0,0.0,0,0.0,1.0,0,0.0
29495.0,0,0.0,0.0,0.0,0,0.0,1.0,0,0.0
29500.0,0,0.0,0.0,0.0,0,0.0,1.0,0,0.0
29505.0,0,0.0,0.0,0.0,0,0.0,1.0,0,0.0
29510.0,0,0.0,0.0,0.0,0,0.0,1.0,0,0.0
29515.0,0,0.0,0.0,0.0,0,0.0,1.0,0,0.0
29520.0,0,0.0,0.0,0.0,0,0.0,1.0,0,0.0
29525.0,0,0.0,0.0,0.0,0,0.0,1.0,0,0.0
29530.0,0,0.0,0.0,0.0,0,0.0,1.0,0,0.0
29535.0,0,0.0,0.0,0.0,0,0.0,1.0,0,0.0
29540.0,0,0.0,0.0,0.0,0,0.0,1.0,0,0.0
29545.0,0,0.0,0.0,0.0,0,0.0,1.0,0,0.0
29550.0,0,0.0,0.0,0.0,0,0.0,1.0,0,0.0
29555.0,0,0.0,0.0,0.0,0,0.0,1.0,0,0.0
29560.0,0,0.0,0.0,0.0,0,0.0,1.0,0,0.0
29565.0,0,0.0,0.0,0.0,0,0.0,1.0,0,0.0
29570.0,0,0.0,0.0,0.0,0,0.0,1.0,0,0.0
29575.0,0,0.0,0.0,0.0,0,0.0,1.0,0,0.0
29580.0,0,0.0,0.0,0.0,0,0.0,1.0,0,0.0
29585.0,0,0.0,0.0,0.0,0,0.0,1.0,0,0.0
29590.0,0,0.0,0.0,0.0,0,0.0,1.0,0,0.0
29595.0,0,0.0,0.0,0.0,0,0.0,1.0,0,0.0
29600.0,0,0.0,0.0,0.0,0,0.0,1.0,0,0.0
29605.0,0,0.0,0.0,0.0,0,0.0,1.0,0,0.0
29610.0,0,0.0,0.0,0.0,0,0.0,1.0,0,0.0
29615.0,0,0.0,0.0,0.0,0,0.0,1.0,0,0.0
29620.0,0,0.0,0.0,0.0,0,0.0,1.0,0,0.0
29625.0,0,0.0,0.0,0.0,0,0.0,1.0,0,0.0
29630.0,0,0.0,0.0,0.0,0,0.0,1.0,0,0.0
29635.0,0,0.0,0.0,0.0,0,0.0,1.0,0,0.0
29640.0,0,0.0,0.0,0.0,0,0.0,1.0,0,0.0
29645.0,0,0.0,0.0,0.0,0,0.0,1.0,0,0.0
29650.0,0,0.0,0.0,0.0,0,0.0,1.0,0,0.0
29655.0,0,0.0,0.0,0.0,0,0.0,1.0,0,0.0
29660.0,0,0.0,0.0,0.0,0,0.0,1.0,0,0.0
29665.0,0,0.0,0.0,0.0,0,0.0,1.0,0,0.0
29670.0,0,0.0,0.0,0.0,0,0.0,1.0,0,0.0
29675.0,0,0.0,0.0,0.0,0,0.0,1.0,0,0.0
29680.0,0,0.0,0.0,0.0,0,0.0,1.0,0,0.0
29685.0,0,0.0,0.0,0.0,0,0.0,1.0,0,0.0
29690.0,0,0.0,0.0,0.0,0,0.0,1.0,0,0.0
29695.0,0,0.0,0.0,0.0,0,0.0,1.0,0,0.0
29700.0,0,0.0,0.0,0.0,0,0.0,1.0,0,0.0
29705.0,0,0.0,0.0,0.0,0,0.0,1.0,0,0.0
29710.0,0,0.0,0.0,0.0,0,0.0,1.0,0,0.0
29715.0,0,0.0,0.0,0.0,0,0.0,1.0,0,0.0
29720.0,0,0.0,0.0,0.0,0,0.0,1.0,0,0.0
29725.0,0,0.0,0.0,0.0,0,0.0,1.0,0,0.0
29730.0,0,0.0,0.0,0.0,0,0.0,1.0,0,0.0
29735.0,0,0.0,0.0,0.0,0,0.0,1.0,0,0.0
29740.0,0,0.0,0.0,0.0,0,0.0,1.0,0,0.0
29745.0,0,0.0,0.0,0.0,0,0.0,1.0,0,0.0
29750.0,0,0.0,0.0,0.0,0,0.0,1.0,0,0.0
29755.0,0,0.0,0.0,0.0,0,0.0,1.0,0,0.0
29760.0,0,0.0,0.0,0.0,0,0.0,1.0,0,0.0
29765.0,0,0.0,0.0,0.0,0,0.0,1.0,0,0.0
29770.0,0,0.0,0.0,0.0,0,0.0,1.0,0,0.0
29775.0,0,0.0,0.0,0.0,0,0.0,1.0,0,0.0
29780.0,0,0.0,0.0,0.0,0,0.0,1.0,0,0.0
29785.0,0,0.0,0.0,0.0,0,0.0,1.0,0,0.0
29790.0,0,0.0,0.0,0.0,0,0.0,1.0,0,0.0
29795.0,0,0.0,0.0,0.0,0,0.0,1.0,0,0.0
29800.0,0,0.0,0.0,0.0,0,0.0,1.0,0,0.0
29805.0,0,0.0,0.0,0.0,0,0.0,1.0,0,0.0
29810.0,0,0.0,0.0,0.0,0,0.0,1.0,0,0.0
29815.0,0,0.0,0.0,0.0,0,0.0,1.0,0,0.0
29820.0,0,0.0,0.0,0.0,0,0.0,1.0,0,0.0
29825.0,0,0.0,0.0,0.0,0,0.0,1.0,0,0.0
29830.0,0,0.0,0.0,0.0,0,0.0,1.0,0,0.0
29835.0,0,0.0,0.0,0.0,0,0.0,1.0,0,0.0
29840.0,0,0.0,0.0,0.0,0,0.0,1.0,0,0.0
29845.0,0,0.0,0.0,0.0,0,0.0,1.0,0,0.0
29850.0,0,0.0,0.0,0.0,0,0.0,1.0,0,0.0
29855.0,0,0.0,0.0,0.0,0,0.0,1.0,0,0.0
29860.0,0,0.0,0.0,0.0,0,0.0,1.0,0,0.0
29865.0,0,0.0,0.0,0.0,0,0.0,1.0,0,0.0
29870.0,0,0.0,0.0,0.0,0,0.0,1.0,0,0.0
29875.0,0,0.0,0.0,0.0,0,0.0,1.0,0,0.0
29880.0,0,0.0,0.0,0.0,0,0.0,1.0,0,0.0
29885.0,0,0.0,0.0,0.0,0,0.0,1.0,0,0.0
29890.0,0,0.0,0.0,0.0,0,0.0,1.0,0,0.0
29895.0,0,0.0,0.0,0.0,0,0.0,1.0,0,0.0
29900.0,0,0.0,0.0,0.0,0,0.0,1.0,0,0.0
29905.0,0,0.0,0.0,0.0,0,0.0,1.0,0,0.0
29910.0,0,0.0,0.0,0.0,0,0.0,1.0,0,0.0
29915.0,0,0.0,0.0,0.0,0,0.0,1.0,0,0.0
29920.0,0,0.0,0.0,0.0,0,0.0,1.0,0,0.0
29925.0,0,0.0,0.0,0.0,0,0.0,1.0,0,0.0
29930.0,0,0.0,0.0,0.0,0,0.0,1.0,0,0.0
29935.0,0,0.0,0.0,0.0,0,0.0,1.0,0,0.0
29940.0,0,0.0,0.0,0.0,0,0.0,1.0,0,0.0
29945.0,0,0.0,0.0,0.0,0,0.0,1.0,0,0.0
29950.0,0,0.0,0.0,0.0,0,0.0,1.0,0,0.0
29955.0,0,0.0,0.0,0.0,0,0.0,1.0,0,0.0
29960.0,0,0.0,0.0,0.0,0,0.0,1.0,0,0.0
29965.0,0,0.0,0.0,0.0,0,0.0,1.0,0,0.0
29970.0,0,0.0,0.0,0.0,0,0.0,1.0,0,0.0
29975.0,0,0.0,0.0,0.0,0,0.0,1.0,0,0.0
29980.0,0,0.0,0.0,0.0,0,0.0,1.0,0,0.0
29985.0,0,0.0,0.0,0.0,0,0.0,1.0,0,0.0
29990.0,0,0.0,0.0,0.0,0,0.0,1.0,0,0.0
29995.0,0,0.0,0.0,0.0,0,0.0,1.0,0,0.0
30000.0,0,0.0,0.0,0.0,0,0.0,1.0,0,0.0
30005.0,0,0.0,0.0,0.0,0,0.0,1.0,0,0.0
30010.0,0,0.0,0.0,0.0,0,0.0,1.0,0,0.0
30015.0,0,0.0,0.0,0.0,0,0.0,1.0,0,0.0
30020.0,0,0.0,0.0,0.0,0,0.0,1.0,0,0.0
30025.0,0,0.0,0.0,0.0,0,0.0,1.0,0,0.0
30030.0,0,0.0,0.0,0.0,0,0.0,1.0,0,0.0
30035.0,0,0.0,0.0,0.0,0,0.0,1.0,0,0.0
30040.0,0,0.0,0.0,0.0,0,0.0,1.0,0,0.0
30045.0,0,0.0,0.0,0.0,0,0.0,1.0,0,0.0
30050.0,0,0.0,0.0,0.0,0,0.0,1.0,0,0.0
30055.0,0,0.0,0.0,0.0,0,0.0,1.0,0,0.0
30060.0,0,0.0,0.0,0.0,0,0.0,1.0,0,0.0
30065.0,0,0.0,0.0,0.0,0,0.0,1.0,0,0.0
30070.0,0,0.0,0.0,0.0,0,0.0,1.0,0,0.0
30075.0,0,0.0,0.0,0.0,0,0.0,1.0,0,0.0
30080.0,0,0.0,0.0,0.0,0,0.0,1.0,0,0.0
30085.0,0,0.0,0.0,0.0,0,0.0,1.0,0,0.0
30090.0,0,0.0,0.0,0.0,0,0.0,1.0,0,0.0
30095.0,0,0.0,0.0,0.0,0,0.0,1.0,0,0.0
30100.0,0,0.0,0.0,0.0,0,0.0,1.0,0,0.0
30105.0,0,0.0,0.0,0.0,0,0.0,1.0,0,0.0
30110.0,0,0.0,0.0,0.0,0,0.0,1.0,0,0.0
30115.0,0,0.0,0.0,0.0,0,0.0,1.0,0,0.0
30120.0,0,0.0,0.0,0.0,0,0.0,1.0,0,0.0
30125.0,0,0.0,0.0,0.0,0,0.0,1.0,0,0.0
30130.0,0,0.0,0.0,0.0,0,0.0,1.0,0,0.0
30135.0,0,0.0,0.0,0.0,0,0.0,1.0,0,0.0
30140.0,0,0.0,0.0,0.0,0,0.0,1.0,0,0.0
30145.0,0,0.0,0.0,0.0,0,0.0,1.0,0,0.0
30150.0,0,0.0,0.0,0.0,0,0.0,1.0,0,0.0
30155.0,0,0.0,0.0,0.0,0,0.0,1.0,0,0.0
30160.0,0,0.0,0.0,0.0,0,0.0,1.0,0,0.0
30165.0,0,0.0,0.0,0.0,0,0.0,1.0,0,0.0
30170.0,0,0.0,0.0,0.0,0,0.0,1.0,0,0.0
30175.0,0,0.0,0.0,0.0,0,0.0,1.0,0,0.0
30180.0,0,0.0,0.0,0.0,0,0.0,1.0,0,0.0
30185.0,0,0.0,0.0,0.0,0,0.0,1.0,0,0.0
30190.0,0,0.0,0.0,0.0,0,0.0,1.0,0,0.0
30195.0,0,0.0,0.0,0.0,0,0.0,1.0,0,0.0
30200.0,0,0.0,0.0,0.0,0,0.0,1.0,0,0.0
30205.0,0,0.0,0.0,0.0,0,0.0,1.0,0,0.0
30210.0,0,0.0,0.0,0.0,0,0.0,1.0,0,0.0
30215.0,0,0.0,0.0,0.0,0,0.0,1.0,0,0.0
30220.0,0,0.0,0.0,0.0,0,0.0,1.0,0,0.0
30225.0,0,0.0,0.0,0.0,0,0.0,1.0,0,0.0
30230.0,0,0.0,0.0,0.0,0,0.0,1.0,0,0.0
30235.0,0,0.0,0.0,0.0,0,0.0,1.0,0,0.0
30240.0,0,0.0,0.0,0.0,0,0.0,1.0,0,0.0
30245.0,0,0.0,0.0,0.0,0,0.0,1.0,0,0.0
30250.0,0,0.0,0.0,0.0,0,0.0,1.0,0,0.0
30255.0,0,0.0,0.0,0.0,0,0.0,1.0,0,0.0
30260.0,0,0.0,0.0,0.0,0,0.0,1.0,0,0.0
30265.0,0,0.0,0.0,0.0,0,0.0,1.0,0,0.0
30270.0,0,0.0,0.0,0.0,0,0.0,1.0,0,0.0
30275.0,0,0.0,0.0,0.0,0,0.0,1.0,0,0.0
30280.0,0,0.0,0.0,0.0,0,0.0,1.0,0,0.0
30285.0,0,0.0,0.0,0.0,0,0.0,1.0,0,0.0
30290.0,0,0.0,0.0,0.0,0,0.0,1.0,0,0.0
30295.0,0,0.0,0.0,0.0,0,0.0,1.0,0,0.0
30300.0,0,0.0,0.0,0.0,0,0.0,1.0,0,0.0
30305.0,0,0.0,0.0,0.0,0,0.0,1.0,0,0.0
30310.0,0,0.0,0.0,0.0,0,0.0,1.0,0,0.0
30315.0,0,0.0,0.0,0.0,0,0.0,1.0,0,0.0
30320.0,0,0.0,0.0,0.0,0,0.0,1.0,0,0.0
30325.0,0,0.0,0.0,0.0,0,0.0,1.0,0,0.0
30330.0,0,0.0,0.0,0.0,0,0.0,1.0,0,0.0
30335.0,0,0.0,0.0,0.0,0,0.0,1.0,0,0.0
30340.0,0,0.0,0.0,0.0,0,0.0,1.0,0,0.0
30345.0,0,0.0,0.0,0.0,0,0.0,1.0,0,0.0
30350.0,0,0.0,0.0,0.0,0,0.0,1.0,0,0.0
30355.0,0,0.0,0.0,0.0,0,0.0,1.0,0,0.0
30360.0,0,0.0,0.0,0.0,0,0.0,1.0,0,0.0
30365.0,0,0.0,0.0,0.0,0,0.0,1.0,0,0.0
30370.0,0,0.0,0.0,0.0,0,0.0,1.0,0,0.0
30375.0,0,0.0,0.0,0.0,0,0.0,1.0,0,0.0
30380.0,0,0.0,0.0,0.0,0,0.0,1.0,0,0.0
30385.0,0,0.0,0.0,0.0,0,0.0,1.0,0,0.0
30390.0,0,0.0,0.0,0.0,0,0.0,1.0,0,0.0
30395.0,0,0.0,0.0,0.0,0,0.0,1.0,0,0.0
30400.0,0,0.0,0.0,0.0,0,0.0,1.0,0,0.0
30405.0,0,0.0,0.0,0.0,0,0.0,1.0,0,0.0
30410.0,0,0.0,0.0,0.0,0,0.0,1.0,0,0.0
30415.0,0,0.0,0.0,0.0,0,0.0,1.0,0,0.0
30420.0,0,0.0,0.0,0.0,0,0.0,1.0,0,0.0
30425.0,0,0.0,0.0,0.0,0,0.0,1.0,0,0.0
30430.0,0,0.0,0.0,0.0,0,0.0,1.0,0,0.0
30435.0,0,0.0,0.0,0.0,0,0.0,1.0,0,0.0
30440.0,0,0.0,0.0,0.0,0,0.0,1.0,0,0.0
30445.0,0,0.0,0.0,0.0,0,0.0,1.0,0,0.0
30450.0,0,0.0,0.0,0.0,0,0.0,1.0,0,0.0
30455.0,0,0.0,0.0,0.0,0,0.0,1.0,0,0.0
30460.0,0,0.0,0.0,0.0,0,0.0,1.0,0,0.0
30465.0,0,0.0,0.0,0.0,0,0.0,1.0,0,0.0
30470.0,0,0.0,0.0,0.0,0,0.0,1.0,0,0.0
30475.0,0,0.0,0.0,0.0,0,0.0,1.0,0,0.0
30480.0,0,0.0,0.0,0.0,0,0.0,1.0,0,0.0
30485.0,0,0.0,0.0,0.0,0,0.0,1.0,0,0.0
30490.0,0,0.0,0.0,0.0,0,0.0,1.0,0,0.0
30495.0,0,0.0,0.0,0.0,0,0.0,1.0,0,0.0
30500.0,0,0.0,0.0,0.0,0,0.0,1.0,0,0.0
30505.0,0,0.0,0.0,0.0,0,0.0,1.0,0,0.0
30510.0,0,0.0,0.0,0.0,0,0.0,1.0,0,0.0
30515.0,0,0.0,0.0,0.0,0,0.0,1.0,0,0.0
30520.0,0,0.0,0.0,0.0,0,0.0,1.0,0,0.0
30525.0,0,0.0,0.0,0.0,0,0.0,1.0,0,0.0
30530.0,0,0.0,0.0,0.0,0,0.0,1.0,0,0.0
30535.0,0,0.0,0.0,0.0,0,0.0,1.0,0,0.0
30540.0,0,0.0,0.0,0.0,0,0.0,1.0,0,0.0
30545.0,0,0.0,0.0,0.0,0,0.0,1.0,0,0.0
30550.0,0,0.0,0.0,0.0,0,0.0,1.0,0,0.0
30555.0,0,0.0,0.0,0.0,0,0.0,1.0,0,0.0
30560.0,0,0.0,0.0,0.0,0,0.0,1.0,0,0.0
30565.0,0,0.0,0.0,0.0,0,0.0,1.0,0,0.0
30570.0,0,0.0,0.0,0.0,0,0.0,1.0,0,0.0
30575.0,0,0.0,0.0,0.0,0,0.0,1.0,0,0.0
30580.0,0,0.0,0.0,0.0,0,0.0,1.0,0,0.0
30585.0,0,0.0,0.0,0.0,0,0.0,1.0,0,0.0
30590.0,0,0.0,0.0,0.0,0,0.0,1.0,0,0.0
30595.0,0,0.0,0.0,0.0,0,0.0,1.0,0,0.0
30600.0,0,0.0,0.0,0.0,0,0.0,1.0,0,0.0
